40
0.943703 0.457597
0.104427 0.416545
0.899582 0.902679
0.666194 0.935871
0.762252 0.697759
0.370215 0.559088
0.473111 0.340406
0.654859 0.932620
0.885014 0.587605
0.821275 0.706422
0.394698 0.465366
0.873667 0.426543
0.964298 0.097550
0.844631 0.589805
0.294787 0.997482
0.060745 0.238490
0.455079 0.165172
0.655035 0.354661
0.067851 0.321229
0.290531 0.830103
0.018988 0.660747
0.389191 0.492098
0.001153 0.044050
0.424718 0.886167
0.631655 0.245993
0.592589 0.026352
0.711359 0.466255
0.452895 0.675658
0.563805 0.297526
0.265462 0.858592
0.295008 0.326207
0.097082 0.750087
0.491379 0.752117
0.104747 0.559230
0.073346 0.395279
0.389333 0.092333
0.056025 0.778524
0.584432 0.057178
0.822573 0.009150
0.943345 0.454228
