40
0.471975 0.030648
0.599131 0.503521
0.082925 0.564178
0.870735 0.668279
0.277385 0.473383
0.660297 0.551292
0.406307 0.174148
0.710126 0.555366
0.372307 0.364150
0.095015 0.579156
0.232984 0.247133
0.881708 0.258374
0.418614 0.460097
0.729444 0.909889
0.461398 0.288452
0.059732 0.933373
0.319099 0.658863
0.436894 0.402024
0.223041 0.307629
0.070304 0.500427
0.781013 0.730600
0.051719 0.187319
0.904748 0.761845
0.742686 0.277055
0.125995 0.837701
0.856212 0.358979
0.084833 0.737919
0.617353 0.503447
0.198017 0.346797
0.413336 0.659415
0.635249 0.473068
0.592788 0.954348
0.131931 0.029682
0.356372 0.354973
0.337311 0.426676
0.855399 0.118324
0.157276 0.907119
0.305644 0.062025
0.668964 0.048329
0.339080 0.794959
