40
0.296036 0.213065
0.736078 0.317353
0.721329 0.036299
0.242309 0.397906
0.874334 0.543029
0.983701 0.008143
0.162301 0.276602
0.528925 0.484845
0.385308 0.176718
0.839770 0.027212
0.329588 0.842773
0.292833 0.117077
0.660741 0.006728
0.578122 0.646577
0.121918 0.634000
0.332138 0.417954
0.847065 0.068216
0.735307 0.568394
0.104515 0.977616
0.966300 0.978849
0.520644 0.950001
0.986992 0.682945
0.226603 0.515917
0.167791 0.611911
0.692635 0.007560
0.639124 0.022223
0.850333 0.931956
0.139300 0.511075
0.938684 0.717422
0.157652 0.060602
0.351422 0.489790
0.478556 0.198487
0.558006 0.213862
0.766881 0.662522
0.191478 0.733181
0.641371 0.712122
0.683182 0.628362
0.395067 0.909785
0.144279 0.562858
0.521696 0.836914
