40
0.894141 0.581349
0.053030 0.847436
0.235168 0.595632
0.197415 0.719062
0.882202 0.433375
0.767448 0.040908
0.226545 0.998988
0.177945 0.797783
0.620931 0.558560
0.848071 0.146229
0.702182 0.460702
0.303260 0.826987
0.373175 0.049597
0.969345 0.335671
0.215049 0.256511
0.127971 0.109190
0.837860 0.181001
0.956626 0.073028
0.776633 0.154040
0.792090 0.658834
0.587415 0.559538
0.699743 0.813960
0.558526 0.877688
0.611743 0.179457
0.436247 0.459815
0.325686 0.138430
0.920517 0.628946
0.965417 0.293692
0.678542 0.934762
0.629363 0.893591
0.191273 0.757333
0.002781 0.029133
0.938334 0.959407
0.102161 0.714967
0.113447 0.894251
0.373801 0.700862
0.453789 0.073544
0.514822 0.012315
0.951231 0.126565
0.191773 0.387479
