40
0.778879 0.480994
0.690665 0.254139
0.571443 0.444421
0.642211 0.154463
0.873965 0.856921
0.748561 0.839690
0.500210 0.455453
0.483531 0.703835
0.198284 0.639598
0.150043 0.090744
0.950974 0.655046
0.927440 0.751949
0.102771 0.968519
0.638898 0.190731
0.032975 0.989623
0.510720 0.811854
0.470616 0.201385
0.065992 0.042060
0.645806 0.708203
0.196523 0.519771
0.565124 0.945084
0.359461 0.065334
0.400537 0.842992
0.769169 0.598821
0.482590 0.919213
0.689565 0.433564
0.574258 0.617006
0.185513 0.677030
0.585525 0.824411
0.867760 0.618500
0.814034 0.378480
0.430353 0.284651
0.579865 0.496345
0.326710 0.225671
0.204548 0.523233
0.745442 0.769672
0.468317 0.104903
0.835007 0.868854
0.947894 0.604176
0.467675 0.430484
