40
0.094503 0.813479
0.605751 0.707175
0.446135 0.331723
0.281030 0.385888
0.172937 0.360402
0.280842 0.622635
0.301834 0.648416
0.776225 0.523509
0.170963 0.946542
0.392023 0.145739
0.093601 0.534850
0.815169 0.534091
0.236489 0.976867
0.822732 0.727654
0.953322 0.566384
0.192504 0.047824
0.379863 0.798255
0.754999 0.825999
0.129979 0.036029
0.211886 0.302916
0.396431 0.492728
0.925551 0.698265
0.141143 0.701776
0.221774 0.312107
0.648318 0.613796
0.457846 0.741920
0.148646 0.273015
0.276010 0.385135
0.249882 0.098742
0.112790 0.203203
0.665126 0.305293
0.251027 0.044990
0.103549 0.006026
0.870988 0.233528
0.042055 0.082875
0.536443 0.438486
0.575602 0.461994
0.136751 0.716746
0.163770 0.358525
0.028852 0.812089
