40
0.592108 0.600111
0.480582 0.854435
0.321144 0.369153
0.377667 0.258995
0.847013 0.899529
0.523188 0.276705
0.749098 0.875827
0.338561 0.754834
0.583691 0.001678
0.872673 0.720794
0.349200 0.930726
0.242278 0.159817
0.780476 0.523335
0.715917 0.115077
0.903354 0.082055
0.176690 0.495462
0.682166 0.657271
0.349897 0.003311
0.026424 0.727564
0.262305 0.873437
0.627093 0.785493
0.150142 0.376192
0.661321 0.488703
0.131026 0.245011
0.490381 0.003699
0.965805 0.839581
0.934425 0.208084
0.999398 0.714901
0.731418 0.715315
0.829978 0.634772
0.797370 0.006668
0.130234 0.479537
0.663939 0.480131
0.482847 0.690363
0.207696 0.745153
0.563800 0.834789
0.530646 0.713942
0.210981 0.191967
0.202645 0.342007
0.436978 0.693026
