40
0.094321 0.468752
0.871708 0.816040
0.412173 0.037079
0.990054 0.379491
0.091776 0.438937
0.379854 0.979144
0.616915 0.668405
0.235116 0.004570
0.211647 0.861881
0.535378 0.651739
0.425434 0.440339
0.896302 0.350360
0.245463 0.179166
0.158328 0.226846
0.225539 0.123122
0.765330 0.319860
0.591874 0.637039
0.135900 0.004047
0.674118 0.125954
0.383537 0.765894
0.564891 0.763391
0.745038 0.181806
0.431797 0.980154
0.186377 0.643444
0.842035 0.721755
0.295183 0.267468
0.162094 0.191485
0.617828 0.407557
0.370651 0.776156
0.634403 0.596190
0.899278 0.399733
0.916050 0.491152
0.036772 0.051950
0.495198 0.710890
0.177905 0.878736
0.476784 0.742796
0.642127 0.221823
0.924602 0.073924
0.201976 0.110979
0.717368 0.044011
