40
0.478234 0.666342
0.825133 0.351989
0.121684 0.397693
0.833622 0.091555
0.757721 0.275481
0.339026 0.127452
0.842533 0.030462
0.046969 0.008098
0.694363 0.061986
0.328652 0.622952
0.390210 0.552855
0.599276 0.415119
0.405516 0.018340
0.986307 0.758807
0.213421 0.991397
0.144169 0.691655
0.657739 0.969303
0.043644 0.779423
0.366996 0.877266
0.870977 0.124716
0.152747 0.210003
0.252168 0.995280
0.240465 0.299138
0.003377 0.934828
0.361124 0.332029
0.557780 0.751333
0.884884 0.157056
0.166452 0.290401
0.175396 0.152759
0.049208 0.388817
0.144156 0.193377
0.080471 0.801895
0.162680 0.124116
0.581318 0.529676
0.001382 0.452295
0.654392 0.154129
0.662298 0.906560
0.149409 0.902763
0.205698 0.152786
0.837591 0.566822
