40
0.274461 0.023076
0.805451 0.627815
0.544101 0.712480
0.661077 0.991374
0.391520 0.501176
0.477456 0.892573
0.163387 0.931011
0.913455 0.633783
0.556557 0.159379
0.116907 0.547859
0.191983 0.803396
0.978499 0.191289
0.663083 0.404983
0.499600 0.931457
0.685323 0.116648
0.033067 0.959784
0.139724 0.838518
0.587598 0.683824
0.550998 0.248675
0.675198 0.942518
0.749852 0.152655
0.835091 0.913239
0.083665 0.748546
0.547022 0.640222
0.907925 0.663929
0.188081 0.099908
0.467325 0.166580
0.291197 0.130408
0.571564 0.790797
0.061865 0.256887
0.907445 0.094932
0.216670 0.047168
0.933450 0.804269
0.730993 0.484448
0.052944 0.406191
0.426966 0.802796
0.558846 0.262057
0.716035 0.642511
0.010603 0.263057
0.282733 0.918528
