40
0.517418 0.095408
0.418183 0.682354
0.312835 0.366597
0.297255 0.960017
0.627474 0.242425
0.316687 0.284499
0.797615 0.554721
0.230713 0.322489
0.606861 0.184159
0.303291 0.614814
0.167217 0.494624
0.562831 0.585070
0.961183 0.307095
0.115242 0.505517
0.955202 0.608484
0.862060 0.472620
0.703892 0.280243
0.154973 0.016727
0.646839 0.452229
0.976743 0.274313
0.694653 0.293430
0.558812 0.492268
0.848151 0.789526
0.814757 0.455012
0.973685 0.118048
0.069826 0.140902
0.612672 0.632657
0.725972 0.573855
0.939752 0.841214
0.079372 0.894954
0.449698 0.941432
0.367574 0.153590
0.221674 0.522547
0.170317 0.868514
0.974776 0.147060
0.142827 0.669430
0.440489 0.701640
0.161698 0.288641
0.491165 0.976455
0.743653 0.464850
