40
0.348162 0.229246
0.701574 0.619644
0.195320 0.739528
0.093266 0.808675
0.940650 0.124515
0.644919 0.750808
0.988978 0.066869
0.562348 0.951536
0.875232 0.310952
0.287050 0.751776
0.811027 0.558816
0.167733 0.419536
0.222929 0.746636
0.120956 0.186520
0.630818 0.995370
0.151825 0.978980
0.224617 0.853399
0.598624 0.419936
0.592927 0.691890
0.228611 0.533577
0.816404 0.873530
0.284385 0.805382
0.940399 0.846732
0.756918 0.815631
0.157685 0.043969
0.567407 0.968712
0.602784 0.735141
0.388248 0.825713
0.481777 0.509204
0.012233 0.112595
0.504575 0.164058
0.091575 0.729191
0.017458 0.690199
0.149128 0.610384
0.382088 0.377739
0.143961 0.198493
0.251269 0.428346
0.003875 0.191667
0.275078 0.760793
0.007298 0.432763
