40
0.593368 0.829286
0.060303 0.946555
0.903653 0.677102
0.448435 0.169719
0.057212 0.143251
0.313997 0.554221
0.619318 0.097456
0.296370 0.432041
0.148844 0.192661
0.754006 0.050471
0.754088 0.217845
0.778071 0.906734
0.185757 0.711388
0.240767 0.667529
0.481147 0.984289
0.992404 0.074514
0.813575 0.052707
0.021070 0.717229
0.729809 0.469504
0.886947 0.787021
0.612755 0.200945
0.341242 0.232073
0.298401 0.637613
0.664115 0.447245
0.830274 0.418121
0.497715 0.584362
0.635966 0.275786
0.491096 0.821723
0.987174 0.731862
0.489252 0.468320
0.716151 0.481657
0.542835 0.529727
0.534364 0.563904
0.246956 0.264173
0.033409 0.133903
0.051194 0.646164
0.334848 0.392437
0.878237 0.633249
0.030049 0.542352
0.080493 0.860323
