40
0.490456 0.048517
0.079704 0.254806
0.316805 0.836261
0.106500 0.716833
0.196411 0.960719
0.185620 0.377869
0.859597 0.203957
0.380211 0.853414
0.283125 0.510566
0.676891 0.795154
0.368013 0.998721
0.013661 0.998054
0.438735 0.392776
0.116162 0.996711
0.406059 0.538194
0.632644 0.896514
0.586711 0.712348
0.151320 0.903516
0.548609 0.257820
0.620349 0.745020
0.218539 0.805969
0.122889 0.078136
0.009926 0.503100
0.931550 0.293051
0.013666 0.608441
0.088205 0.381678
0.607162 0.101865
0.379732 0.045897
0.494642 0.495894
0.042608 0.900700
0.034088 0.675252
0.797215 0.620798
0.387600 0.948535
0.524314 0.936209
0.206354 0.144663
0.681230 0.424893
0.950632 0.804119
0.503029 0.960557
0.307219 0.434579
0.253608 0.320885
