40
0.496572 0.305938
0.859619 0.540806
0.303164 0.917712
0.903973 0.191815
0.072861 0.415966
0.158601 0.713842
0.556404 0.420228
0.082819 0.342904
0.759162 0.244301
0.239608 0.605074
0.758594 0.421196
0.066032 0.222233
0.743263 0.999960
0.923007 0.363861
0.933778 0.173504
0.559444 0.430350
0.479442 0.419063
0.971156 0.782606
0.336775 0.875130
0.974421 0.409636
0.291096 0.133023
0.123478 0.847500
0.553251 0.206297
0.190404 0.312413
0.450598 0.430012
0.917487 0.209192
0.851207 0.983519
0.431425 0.594470
0.983480 0.354432
0.958331 0.917258
0.527936 0.517775
0.347608 0.007379
0.936838 0.318765
0.789985 0.273614
0.193894 0.764406
0.683250 0.484990
0.897429 0.806728
0.332490 0.450680
0.013025 0.522894
0.763093 0.463623
