40
0.424317 0.719139
0.905308 0.945961
0.280437 0.895569
0.988030 0.365501
0.210143 0.434389
0.843391 0.851607
0.236390 0.520186
0.449650 0.943590
0.893380 0.372872
0.568576 0.970690
0.846463 0.773196
0.961349 0.719983
0.584772 0.082463
0.828291 0.999363
0.929205 0.667871
0.008570 0.353522
0.387010 0.913878
0.299482 0.667447
0.809447 0.287512
0.032948 0.019591
0.721901 0.876339
0.871197 0.958292
0.396525 0.320847
0.901882 0.289906
0.693719 0.470458
0.260595 0.540182
0.243654 0.221944
0.260166 0.828426
0.304407 0.088456
0.827790 0.233612
0.756327 0.836360
0.587134 0.143338
0.750238 0.886616
0.810785 0.559686
0.174128 0.843733
0.579276 0.896030
0.720072 0.450474
0.854321 0.116597
0.771321 0.756203
0.406503 0.465040
