40
0.339941 0.647924
0.284177 0.893852
0.579250 0.019538
0.037135 0.710587
0.220434 0.516959
0.912962 0.848438
0.776617 0.207258
0.580590 0.150642
0.363305 0.865743
0.045162 0.625801
0.718398 0.940014
0.697602 0.892182
0.733025 0.602170
0.546456 0.343629
0.418634 0.463607
0.238774 0.758575
0.111531 0.522951
0.652427 0.690781
0.542489 0.689562
0.401368 0.762922
0.206521 0.314330
0.611360 0.983138
0.521588 0.191950
0.133780 0.884893
0.057693 0.178942
0.510694 0.776090
0.118956 0.208296
0.668273 0.851981
0.810466 0.214729
0.195610 0.229099
0.678337 0.434383
0.987674 0.789868
0.957334 0.640101
0.480649 0.499823
0.329663 0.882017
0.262745 0.536184
0.196346 0.874104
0.519322 0.717934
0.066054 0.653102
0.602827 0.123747
