40
0.811080 0.386034
0.350083 0.011335
0.766266 0.226991
0.714246 0.389077
0.865814 0.572693
0.539240 0.351906
0.650511 0.665996
0.901774 0.626912
0.869652 0.673493
0.426903 0.151358
0.680455 0.868720
0.015648 0.046675
0.448106 0.479334
0.141776 0.633572
0.078464 0.041731
0.029393 0.889544
0.427765 0.379475
0.900878 0.194031
0.606466 0.615125
0.583109 0.472280
0.187817 0.122349
0.824186 0.838329
0.788345 0.725960
0.465240 0.657997
0.399453 0.892143
0.809355 0.079908
0.760863 0.825003
0.126583 0.208969
0.304337 0.268359
0.842541 0.382801
0.310090 0.871934
0.272345 0.737855
0.251409 0.173223
0.931886 0.857876
0.788348 0.514995
0.330155 0.976165
0.637344 0.154341
0.814493 0.425689
0.880301 0.279734
0.083686 0.279754
