40
0.410634 0.067026
0.934133 0.422624
0.313929 0.895711
0.737372 0.606301
0.319058 0.851311
0.761210 0.133613
0.262174 0.807178
0.522935 0.004748
0.237221 0.407707
0.610048 0.182667
0.465369 0.946973
0.244878 0.683324
0.374836 0.685187
0.684729 0.292735
0.479914 0.371738
0.387098 0.890547
0.438763 0.321231
0.313171 0.752692
0.216942 0.050543
0.358993 0.536000
0.901854 0.120204
0.669613 0.164028
0.927382 0.192548
0.168776 0.164603
0.600255 0.778824
0.347270 0.065624
0.725796 0.592149
0.748948 0.100632
0.277336 0.433677
0.393367 0.757250
0.805415 0.780465
0.647797 0.244179
0.101697 0.960968
0.996871 0.318639
0.011511 0.355864
0.854639 0.913366
0.476068 0.524252
0.077394 0.403450
0.716800 0.246170
0.568053 0.317055
