40
0.888073 0.511021
0.210106 0.387516
0.767294 0.427182
0.312803 0.065144
0.244868 0.303777
0.731525 0.955694
0.148389 0.088422
0.218742 0.190936
0.632506 0.363065
0.503109 0.013159
0.058091 0.430692
0.809331 0.523437
0.538424 0.746434
0.194780 0.076472
0.938002 0.045893
0.318599 0.826076
0.556914 0.528704
0.213591 0.324208
0.955886 0.526394
0.389351 0.200754
0.830171 0.120876
0.156448 0.978559
0.209298 0.375190
0.169495 0.841804
0.738255 0.672604
0.854963 0.796347
0.103297 0.664294
0.319783 0.641720
0.410727 0.514563
0.718193 0.348729
0.560457 0.036791
0.174805 0.117370
0.565496 0.388396
0.441578 0.521381
0.914790 0.830929
0.722136 0.744961
0.951805 0.878583
0.723520 0.161103
0.253774 0.893015
0.002907 0.992029
