40
0.215332 0.057111
0.428109 0.656587
0.280278 0.527831
0.092131 0.242300
0.072395 0.082662
0.623544 0.030711
0.010411 0.992101
0.659429 0.918217
0.076610 0.013877
0.635409 0.685913
0.453694 0.294363
0.312899 0.697523
0.471849 0.617583
0.340026 0.046621
0.107930 0.567292
0.805706 0.323262
0.624403 0.233814
0.979849 0.904680
0.761645 0.071981
0.146980 0.834040
0.154642 0.770524
0.864751 0.165053
0.762625 0.524179
0.083270 0.839236
0.538057 0.718679
0.525149 0.991751
0.013042 0.838047
0.689274 0.484891
0.455630 0.029299
0.531512 0.563560
0.596591 0.337218
0.886822 0.220994
0.571032 0.866671
0.125675 0.332677
0.938652 0.272655
0.166716 0.093294
0.043179 0.031467
0.258348 0.805804
0.555646 0.341618
0.645040 0.093703
