40
0.781959 0.693360
0.215488 0.951234
0.436934 0.162154
0.944988 0.333600
0.955972 0.480022
0.629529 0.164994
0.873389 0.349712
0.704544 0.507770
0.244940 0.082094
0.514791 0.166634
0.082452 0.459756
0.359581 0.247675
0.713385 0.849036
0.767619 0.890577
0.761948 0.793104
0.603100 0.543908
0.486464 0.818589
0.495142 0.923398
0.980743 0.440130
0.256998 0.936715
0.920152 0.886527
0.101709 0.793541
0.236240 0.806253
0.301311 0.481180
0.888346 0.816102
0.647814 0.970798
0.275858 0.007395
0.218473 0.989243
0.856430 0.986091
0.879820 0.618378
0.779195 0.482921
0.162286 0.265659
0.301509 0.657427
0.189058 0.282252
0.097557 0.446056
0.218967 0.017709
0.332583 0.320676
0.811250 0.568823
0.126929 0.112561
0.050003 0.015275
