40
0.024993 0.915324
0.382679 0.750789
0.507472 0.131627
0.851421 0.784808
0.565304 0.244788
0.542058 0.370720
0.025254 0.189854
0.614898 0.126950
0.150822 0.611769
0.445589 0.162333
0.967633 0.300228
0.075699 0.443701
0.824480 0.153093
0.847151 0.541279
0.399262 0.415204
0.858334 0.424255
0.330528 0.241013
0.175044 0.838000
0.372640 0.026465
0.622808 0.937945
0.271254 0.164866
0.308664 0.296507
0.354720 0.923562
0.423458 0.505542
0.535331 0.869047
0.667875 0.502965
0.169275 0.743574
0.946666 0.993754
0.896666 0.793818
0.535034 0.295928
0.209022 0.393368
0.720184 0.539550
0.634381 0.895228
0.377550 0.007021
0.921693 0.000358
0.944965 0.192947
0.165224 0.253629
0.489455 0.519943
0.177192 0.912913
0.025485 0.712523
