40
0.832045 0.113521
0.899837 0.951001
0.321817 0.568110
0.802982 0.132283
0.782839 0.998591
0.361383 0.461176
0.432974 0.349057
0.251044 0.390309
0.989158 0.731692
0.890131 0.318821
0.613709 0.152876
0.855006 0.810055
0.026980 0.374328
0.527989 0.093035
0.027430 0.130816
0.216782 0.859475
0.244338 0.116619
0.810476 0.566155
0.684729 0.613457
0.698439 0.467569
0.612048 0.059821
0.928745 0.045023
0.408878 0.179788
0.435331 0.398036
0.911480 0.325462
0.716858 0.525189
0.478338 0.571864
0.335244 0.505319
0.946192 0.863233
0.598353 0.973622
0.994050 0.815135
0.833097 0.238388
0.931754 0.643572
0.804543 0.616484
0.257029 0.502982
0.084053 0.869077
0.562804 0.012797
0.914100 0.971682
0.192585 0.349431
0.369718 0.104066
