40
0.114594 0.651163
0.847684 0.678518
0.194410 0.447804
0.834790 0.878239
0.515729 0.074601
0.798227 0.036160
0.270641 0.905573
0.073606 0.723494
0.287790 0.657285
0.792926 0.167608
0.888273 0.535765
0.968958 0.908525
0.081444 0.673453
0.264015 0.031193
0.540432 0.970377
0.071458 0.655025
0.621540 0.919142
0.333544 0.815949
0.366946 0.168333
0.694189 0.882675
0.242934 0.492416
0.918835 0.513575
0.397989 0.992441
0.237069 0.685779
0.649726 0.029995
0.853387 0.537999
0.565761 0.822345
0.446524 0.647205
0.495797 0.710539
0.678397 0.036229
0.680915 0.749855
0.691254 0.302455
0.668997 0.024798
0.118405 0.035943
0.193131 0.812593
0.918617 0.436066
0.305009 0.837452
0.949641 0.702998
0.829893 0.186710
0.388777 0.479619
