40
0.887226 0.502800
0.996157 0.857447
0.901677 0.635613
0.533847 0.902543
0.785916 0.807438
0.580975 0.951491
0.200285 0.707499
0.748711 0.324256
0.117661 0.911179
0.954908 0.009583
0.002636 0.497323
0.831987 0.515577
0.890153 0.489218
0.375251 0.647766
0.602591 0.271225
0.458552 0.489817
0.774025 0.454709
0.347264 0.675701
0.090323 0.881110
0.578245 0.876238
0.688549 0.159220
0.827729 0.888833
0.866719 0.576440
0.213090 0.984380
0.487619 0.167998
0.993963 0.490255
0.665321 0.825949
0.005831 0.555474
0.315167 0.381082
0.203241 0.917758
0.652307 0.661793
0.407574 0.426331
0.116502 0.754838
0.102033 0.206825
0.635948 0.680278
0.083063 0.324497
0.839497 0.910792
0.213330 0.706217
0.487232 0.426420
0.690596 0.974851
