40
0.591466 0.798836
0.041411 0.506155
0.203639 0.578477
0.542272 0.843591
0.454851 0.008557
0.313633 0.162492
0.764041 0.703280
0.326561 0.882039
0.887282 0.194186
0.809756 0.062389
0.040740 0.718941
0.310469 0.262126
0.690650 0.585287
0.939724 0.273914
0.010256 0.518528
0.496323 0.601722
0.317364 0.537734
0.107877 0.521003
0.116211 0.650149
0.364595 0.571062
0.658706 0.678228
0.733553 0.422747
0.381508 0.060115
0.304786 0.268789
0.254300 0.114542
0.331178 0.295040
0.833482 0.641648
0.557166 0.524132
0.226935 0.496889
0.798046 0.237190
0.015418 0.294369
0.838913 0.332782
0.832103 0.946790
0.853785 0.948314
0.596939 0.218380
0.519376 0.255644
0.896608 0.252929
0.678391 0.278115
0.313044 0.983177
0.546905 0.567344
