40
0.939412 0.525139
0.429759 0.783347
0.464955 0.277721
0.443340 0.400310
0.342810 0.344862
0.772682 0.820015
0.987456 0.577573
0.399571 0.772299
0.811918 0.598698
0.330948 0.714737
0.850812 0.443124
0.085855 0.996588
0.425116 0.516329
0.698956 0.529764
0.511598 0.055468
0.701815 0.451010
0.580608 0.131574
0.234357 0.045563
0.409295 0.677697
0.445873 0.752105
0.022560 0.218555
0.572121 0.010016
0.796128 0.971692
0.782315 0.608046
0.570389 0.113264
0.322783 0.421201
0.556388 0.408638
0.417789 0.981504
0.924967 0.116745
0.511268 0.436565
0.172213 0.213083
0.887575 0.752821
0.344658 0.121932
0.798384 0.753953
0.799630 0.244257
0.506058 0.822189
0.462812 0.078179
0.832206 0.258939
0.049871 0.614521
0.866985 0.620260
