40
0.711904 0.719251
0.983312 0.668020
0.561881 0.021047
0.745719 0.873966
0.144498 0.930545
0.038711 0.948434
0.358070 0.608448
0.100640 0.283593
0.824874 0.323223
0.912563 0.465804
0.846679 0.591630
0.870797 0.703441
0.774488 0.561577
0.567935 0.172701
0.781719 0.090173
0.767944 0.493623
0.809423 0.751256
0.161643 0.371305
0.772304 0.907362
0.245271 0.916802
0.837907 0.283982
0.865236 0.195978
0.892429 0.965876
0.479570 0.717303
0.289099 0.392133
0.183106 0.135778
0.983764 0.053903
0.839218 0.758252
0.615480 0.407154
0.930953 0.397199
0.497326 0.698897
0.890822 0.306750
0.450153 0.052465
0.678055 0.222457
0.959827 0.923325
0.139258 0.797734
0.207307 0.004494
0.993712 0.099736
0.970371 0.473282
0.817039 0.259470
