40
0.693926 0.310226
0.105930 0.913616
0.839159 0.262775
0.309146 0.174812
0.479376 0.358646
0.482158 0.982127
0.695102 0.819608
0.831971 0.387877
0.295052 0.166264
0.227130 0.671357
0.321705 0.979051
0.706489 0.985870
0.165926 0.325799
0.591602 0.159018
0.772144 0.397317
0.727449 0.466070
0.707543 0.833379
0.379686 0.546702
0.096154 0.688832
0.721514 0.575530
0.047478 0.203673
0.557657 0.742580
0.023281 0.389627
0.130457 0.318333
0.555891 0.357587
0.989689 0.877596
0.336638 0.696178
0.863466 0.502564
0.021976 0.455068
0.661582 0.794120
0.852385 0.389031
0.260190 0.559928
0.222410 0.639876
0.106631 0.318564
0.328708 0.828145
0.894094 0.376186
0.031818 0.451750
0.118766 0.055099
0.841378 0.249222
0.373431 0.397269
