40
0.130858 0.490727
0.279101 0.985454
0.896030 0.791017
0.693441 0.564287
0.946092 0.357382
0.333931 0.199275
0.790319 0.735352
0.834272 0.780280
0.702752 0.573802
0.308659 0.804055
0.631834 0.362371
0.616780 0.154438
0.189781 0.877512
0.885671 0.907419
0.251173 0.230279
0.452378 0.382031
0.721006 0.731479
0.367485 0.617036
0.522496 0.060926
0.181323 0.468587
0.418308 0.515254
0.667862 0.208626
0.250606 0.502134
0.988906 0.953358
0.075936 0.297565
0.757413 0.707770
0.659936 0.374193
0.862208 0.849717
0.251705 0.747879
0.757136 0.502878
0.978158 0.209514
0.884909 0.699164
0.940993 0.252394
0.316199 0.463489
0.313320 0.497522
0.932076 0.731627
0.012776 0.599938
0.940254 0.263382
0.102072 0.929160
0.216739 0.178008
