40
0.298735 0.786519
0.144221 0.717715
0.635363 0.986274
0.889911 0.712300
0.514294 0.069098
0.910345 0.731186
0.247304 0.795118
0.494819 0.212907
0.035536 0.327358
0.074063 0.942234
0.161691 0.453497
0.544043 0.279439
0.534388 0.906584
0.137026 0.617284
0.660973 0.579274
0.444314 0.959709
0.365793 0.588535
0.677423 0.001156
0.574809 0.567334
0.713456 0.089103
0.636432 0.623801
0.820289 0.883736
0.418920 0.315108
0.096643 0.454455
0.642466 0.170706
0.396690 0.804157
0.624204 0.940733
0.083597 0.158591
0.847317 0.220623
0.775875 0.508291
0.799897 0.220189
0.467999 0.165689
0.808724 0.145422
0.166845 0.383534
0.712756 0.880301
0.472637 0.349188
0.504102 0.292926
0.232925 0.923022
0.608034 0.329568
0.377478 0.250500
