40
0.081772 0.543133
0.509466 0.374827
0.297174 0.090835
0.981406 0.474876
0.133066 0.584860
0.472851 0.108915
0.343894 0.586641
0.964393 0.875756
0.210088 0.999748
0.889735 0.057026
0.218549 0.335409
0.087856 0.815742
0.835977 0.856239
0.479114 0.718752
0.704142 0.265233
0.821223 0.785914
0.808366 0.330688
0.160741 0.105540
0.421524 0.142147
0.580415 0.554590
0.727008 0.053266
0.663504 0.070902
0.639907 0.627898
0.946658 0.849994
0.627646 0.836393
0.907021 0.846194
0.171802 0.994877
0.661936 0.007779
0.851116 0.141050
0.726531 0.555258
0.406283 0.547754
0.341173 0.214649
0.878442 0.501914
0.320188 0.299966
0.644061 0.900604
0.854556 0.371069
0.953870 0.518060
0.441970 0.593777
0.145958 0.388628
0.443771 0.773603
