40
0.893293 0.186410
0.523321 0.616839
0.608298 0.084826
0.578871 0.581980
0.302141 0.188605
0.184129 0.118943
0.516964 0.423857
0.084851 0.681163
0.339753 0.087750
0.826853 0.559616
0.762016 0.817955
0.314112 0.307087
0.234338 0.339609
0.674848 0.962549
0.505805 0.032663
0.122631 0.399098
0.219073 0.645952
0.015936 0.827371
0.730778 0.594807
0.409350 0.032919
0.783412 0.593480
0.151861 0.300376
0.017336 0.236712
0.981539 0.357089
0.324462 0.808392
0.916705 0.086478
0.626346 0.230817
0.393565 0.860685
0.570426 0.068413
0.823234 0.076231
0.101076 0.945864
0.475329 0.320148
0.591816 0.491265
0.147519 0.322594
0.086072 0.556869
0.355513 0.869485
0.150349 0.507374
0.169861 0.167685
0.744086 0.151399
0.524774 0.068548
