40
0.043020 0.341812
0.702563 0.650181
0.443678 0.082295
0.696078 0.938319
0.578189 0.738686
0.839020 0.612277
0.413938 0.636234
0.233075 0.801538
0.584769 0.757389
0.737748 0.791124
0.902052 0.418977
0.216017 0.852684
0.223096 0.719046
0.813241 0.530315
0.153625 0.066849
0.851200 0.196645
0.408661 0.553763
0.846826 0.852339
0.636058 0.542904
0.790658 0.214248
0.281590 0.629678
0.826524 0.695528
0.265912 0.059600
0.497066 0.850682
0.816989 0.234814
0.641805 0.719042
0.653791 0.857822
0.571725 0.876887
0.576868 0.384967
0.407202 0.730493
0.451816 0.258402
0.927138 0.860477
0.812165 0.773964
0.712816 0.448224
0.316868 0.503475
0.662471 0.598458
0.133153 0.488996
0.293987 0.399065
0.548595 0.791053
0.249747 0.365584
