40
0.844877 0.042322
0.299080 0.987517
0.112292 0.887064
0.226405 0.277511
0.515668 0.145823
0.559341 0.596969
0.240519 0.677751
0.802697 0.680844
0.491183 0.227591
0.669357 0.993871
0.203474 0.248571
0.675357 0.983710
0.131858 0.496547
0.229126 0.669743
0.119781 0.896941
0.105931 0.964659
0.939263 0.405011
0.952176 0.051556
0.292074 0.178582
0.329067 0.807742
0.324405 0.888408
0.404711 0.564924
0.566159 0.207408
0.245768 0.057342
0.434999 0.915125
0.051213 0.638473
0.163696 0.726570
0.622183 0.295553
0.223118 0.851308
0.965296 0.342899
0.748250 0.071227
0.307558 0.687513
0.476238 0.259734
0.739068 0.768312
0.438315 0.068135
0.576054 0.762720
0.956543 0.980765
0.327644 0.522703
0.188173 0.573412
0.580045 0.623172
