40
0.595031 0.618372
0.373978 0.806127
0.334971 0.262504
0.328586 0.228508
0.195992 0.785331
0.459044 0.349369
0.540289 0.366046
0.480990 0.459791
0.586125 0.812383
0.066667 0.233940
0.048124 0.228862
0.355239 0.586551
0.011210 0.647072
0.071416 0.858733
0.632401 0.960961
0.622330 0.227432
0.579334 0.996308
0.033559 0.914305
0.258812 0.362146
0.142813 0.454805
0.147477 0.601857
0.804173 0.687766
0.967902 0.285163
0.147557 0.554028
0.097546 0.214224
0.787968 0.145670
0.443086 0.143206
0.732221 0.454296
0.790278 0.803637
0.313029 0.422680
0.764599 0.935359
0.650112 0.343933
0.931667 0.683671
0.258238 0.190479
0.045817 0.401051
0.645284 0.193294
0.002907 0.449457
0.881060 0.970810
0.734620 0.028617
0.524838 0.832166
