40
0.329432 0.761176
0.064083 0.258946
0.913572 0.675324
0.951421 0.801437
0.820319 0.977214
0.447405 0.337016
0.744420 0.557268
0.062282 0.428484
0.840204 0.456035
0.536665 0.428708
0.322891 0.174358
0.414931 0.495503
0.876850 0.623481
0.997394 0.095243
0.629106 0.248969
0.737377 0.958537
0.010145 0.801461
0.217483 0.923717
0.476784 0.168904
0.725154 0.297104
0.146118 0.172559
0.634120 0.890538
0.729828 0.696401
0.319022 0.570032
0.152437 0.855687
0.998740 0.475327
0.030045 0.413672
0.970830 0.906895
0.037153 0.968224
0.002139 0.666259
0.217193 0.739516
0.624796 0.227337
0.540977 0.842278
0.151054 0.017761
0.011182 0.876209
0.314865 0.157300
0.048768 0.948984
0.047838 0.778596
0.645386 0.366860
0.348628 0.797823
