40
0.651513 0.372231
0.485581 0.442672
0.447255 0.686534
0.948067 0.831504
0.805403 0.213251
0.768849 0.501185
0.856586 0.159877
0.496466 0.278614
0.969299 0.963141
0.242122 0.657604
0.806585 0.305826
0.215345 0.143213
0.007697 0.442519
0.113976 0.444392
0.606211 0.879361
0.761980 0.257723
0.251592 0.247560
0.700395 0.698847
0.934095 0.648462
0.530351 0.739498
0.861713 0.299200
0.240683 0.718299
0.459077 0.737150
0.996913 0.428375
0.700291 0.239035
0.085979 0.506876
0.544860 0.301324
0.650088 0.552558
0.743843 0.764064
0.996950 0.350053
0.643425 0.758929
0.607777 0.895017
0.006490 0.308172
0.593864 0.940584
0.956634 0.124214
0.680082 0.818347
0.423414 0.920766
0.536646 0.882491
0.657915 0.533558
0.310866 0.358206
