40
0.341714 0.742386
0.557698 0.847210
0.140949 0.319455
0.016255 0.283142
0.406579 0.577687
0.470543 0.784375
0.862413 0.999305
0.842424 0.378015
0.582747 0.791523
0.766348 0.850056
0.573329 0.245388
0.156334 0.109060
0.539187 0.907278
0.848066 0.021580
0.427837 0.449098
0.269918 0.769550
0.191485 0.827616
0.616760 0.332433
0.147071 0.633015
0.615575 0.553649
0.210702 0.086118
0.338024 0.073114
0.085423 0.180448
0.451129 0.668170
0.971971 0.217477
0.518226 0.545300
0.462865 0.674560
0.654360 0.002052
0.581838 0.502426
0.023632 0.009675
0.951524 0.293550
0.779225 0.143008
0.121166 0.395985
0.475442 0.268237
0.029000 0.091017
0.821886 0.239701
0.177135 0.159910
0.312815 0.262558
0.340358 0.763945
0.930729 0.312329
