40
0.226725 0.974152
0.885778 0.886661
0.348345 0.747987
0.736378 0.600050
0.495866 0.493514
0.102928 0.474024
0.703028 0.987837
0.173188 0.644021
0.240231 0.489387
0.107510 0.553550
0.986909 0.039587
0.285178 0.999685
0.639525 0.225431
0.263067 0.741597
0.154591 0.479806
0.919605 0.381316
0.453958 0.805384
0.267977 0.802303
0.553371 0.004354
0.402353 0.049237
0.497869 0.505281
0.523261 0.200897
0.493118 0.696448
0.844918 0.733349
0.185836 0.952428
0.286900 0.172745
0.992015 0.572077
0.172430 0.631540
0.797508 0.435497
0.373137 0.952099
0.915303 0.292742
0.333415 0.369261
0.098126 0.601392
0.171564 0.651496
0.605746 0.573917
0.700733 0.103615
0.079199 0.223993
0.304511 0.572317
0.920442 0.149429
0.305666 0.106277
