40
0.630471 0.350976
0.716676 0.755121
0.118707 0.781041
0.980241 0.186969
0.356933 0.618875
0.538940 0.991257
0.238368 0.272338
0.562095 0.701102
0.318365 0.589178
0.426629 0.132354
0.819172 0.331386
0.967684 0.235932
0.347232 0.372104
0.662226 0.738804
0.725467 0.867614
0.624526 0.355938
0.218590 0.341202
0.111058 0.337297
0.122244 0.091299
0.524265 0.479177
0.710174 0.063205
0.470434 0.948542
0.335543 0.032528
0.649645 0.653908
0.621706 0.076273
0.786262 0.440878
0.407659 0.753946
0.676809 0.754891
0.126051 0.339036
0.493695 0.851518
0.206650 0.118221
0.207455 0.425240
0.459423 0.318514
0.762537 0.581667
0.409813 0.286802
0.060844 0.119987
0.350007 0.531277
0.068529 0.685550
0.563806 0.718174
0.339458 0.185512
