40
0.928663 0.697816
0.986072 0.204520
0.705211 0.204545
0.193763 0.561641
0.190636 0.073583
0.180019 0.969832
0.556504 0.342305
0.235491 0.858013
0.999732 0.424549
0.140265 0.097289
0.870605 0.359232
0.114998 0.203188
0.679909 0.926248
0.772011 0.806837
0.038809 0.822013
0.822112 0.967472
0.519830 0.808184
0.171992 0.225041
0.012729 0.365755
0.786681 0.203365
0.439339 0.966701
0.173197 0.995843
0.309005 0.408688
0.853856 0.308738
0.833236 0.994121
0.406027 0.703841
0.353354 0.521025
0.907029 0.033262
0.447273 0.679040
0.840099 0.486082
0.501053 0.662211
0.453554 0.020883
0.470395 0.625546
0.245923 0.483124
0.991302 0.032605
0.686489 0.430641
0.999305 0.859686
0.426484 0.308311
0.268374 0.280340
0.617048 0.101610
