40
0.572231 0.408416
0.633484 0.825940
0.608841 0.701527
0.109104 0.238425
0.658517 0.658172
0.367057 0.041147
0.551885 0.686929
0.498986 0.229319
0.774093 0.707420
0.469515 0.365190
0.307095 0.850365
0.540041 0.833127
0.200201 0.301047
0.962511 0.632349
0.504033 0.998887
0.888847 0.076264
0.407303 0.522331
0.902204 0.016144
0.223858 0.011308
0.254569 0.882375
0.669480 0.621626
0.923522 0.221365
0.308556 0.422508
0.450684 0.082648
0.129928 0.920199
0.447839 0.437023
0.770564 0.987879
0.270150 0.970765
0.288927 0.232660
0.603113 0.792960
0.231547 0.491961
0.869224 0.638850
0.014292 0.771428
0.654994 0.238150
0.782736 0.909563
0.120524 0.452217
0.531190 0.044046
0.673582 0.839745
0.466554 0.124266
0.922394 0.596482
