40
0.687123 0.698200
0.452894 0.071982
0.942363 0.646640
0.192633 0.159566
0.278384 0.345407
0.563950 0.006901
0.580875 0.505685
0.155265 0.523388
0.519932 0.997678
0.788035 0.249963
0.867060 0.512112
0.321105 0.465037
0.211429 0.832457
0.021272 0.685894
0.549097 0.410384
0.572073 0.236220
0.108584 0.024967
0.308201 0.050947
0.671608 0.500835
0.210513 0.949992
0.846241 0.774463
0.956893 0.427116
0.280148 0.112158
0.950504 0.800079
0.109837 0.738540
0.050042 0.976897
0.250652 0.371147
0.441934 0.462081
0.203604 0.463206
0.147975 0.752701
0.873590 0.720048
0.988921 0.982174
0.745015 0.297122
0.033121 0.416623
0.797957 0.243634
0.366615 0.644198
0.018097 0.323508
0.071314 0.298245
0.435667 0.021819
0.098324 0.545503
