40
0.468349 0.482953
0.663647 0.541839
0.358390 0.618279
0.401006 0.253642
0.030258 0.234026
0.742121 0.479631
0.664069 0.312365
0.597654 0.952780
0.616604 0.742158
0.983989 0.602625
0.494089 0.492830
0.183508 0.777291
0.962689 0.343563
0.823169 0.564467
0.543336 0.122858
0.208128 0.011685
0.605812 0.871775
0.553523 0.964202
0.490054 0.954530
0.217843 0.520312
0.188555 0.959965
0.999943 0.852624
0.272330 0.597597
0.805405 0.888934
0.339755 0.789393
0.491559 0.833844
0.282223 0.675067
0.611135 0.244912
0.018630 0.434304
0.809379 0.561966
0.557163 0.017507
0.573651 0.162975
0.889282 0.127174
0.127176 0.379336
0.081704 0.345020
0.899648 0.270260
0.304984 0.899590
0.122884 0.577314
0.497187 0.928289
0.466248 0.836942
