40
0.028520 0.183561
0.034788 0.493018
0.920681 0.531014
0.131327 0.677442
0.868900 0.601363
0.987402 0.359313
0.261333 0.623156
0.399099 0.976319
0.902156 0.686426
0.261490 0.694412
0.663307 0.396083
0.866887 0.121808
0.302758 0.045469
0.461770 0.799191
0.862538 0.391207
0.296924 0.891058
0.574768 0.331712
0.384076 0.495449
0.862725 0.515402
0.172891 0.731625
0.116765 0.160293
0.090938 0.378098
0.783449 0.490037
0.354417 0.685605
0.176463 0.615907
0.380017 0.839770
0.011991 0.246903
0.961578 0.314748
0.292372 0.423347
0.113939 0.154910
0.814554 0.410862
0.045968 0.389323
0.742574 0.430043
0.884772 0.605300
0.945446 0.057662
0.336925 0.062211
0.217955 0.427863
0.440309 0.001404
0.917900 0.794726
0.687009 0.094363
