40
0.339467 0.758357
0.866333 0.636611
0.221527 0.522829
0.114657 0.704576
0.867944 0.045750
0.398338 0.064836
0.697050 0.643752
0.445021 0.522962
0.458241 0.850899
0.916205 0.324147
0.694308 0.601395
0.987771 0.278144
0.311363 0.176938
0.044963 0.934286
0.336999 0.219888
0.298212 0.676466
0.978245 0.164545
0.313078 0.199772
0.687374 0.427735
0.904348 0.555318
0.473484 0.302686
0.620154 0.170534
0.946438 0.065175
0.693496 0.404680
0.916074 0.609701
0.728827 0.610382
0.211096 0.716599
0.888526 0.522459
0.893537 0.933488
0.456745 0.230536
0.153376 0.754957
0.907002 0.131621
0.919502 0.220080
0.331393 0.606877
0.647814 0.235741
0.162194 0.121299
0.538427 0.782348
0.291833 0.484865
0.847523 0.985330
0.889545 0.763597
