40
0.145553 0.724993
0.461187 0.528485
0.579429 0.261395
0.082995 0.010481
0.823278 0.041129
0.049223 0.810985
0.078968 0.278506
0.783473 0.666927
0.539619 0.931135
0.841775 0.723609
0.431093 0.752488
0.887512 0.377229
0.919451 0.942801
0.426999 0.941677
0.915611 0.056857
0.016583 0.061164
0.781849 0.477770
0.589649 0.361278
0.739164 0.672645
0.371759 0.562442
0.713774 0.420982
0.373426 0.792741
0.699488 0.156899
0.459668 0.239107
0.088034 0.301443
0.962716 0.519128
0.053931 0.850228
0.896357 0.973382
0.793029 0.323356
0.915060 0.708640
0.380213 0.931642
0.769804 0.162062
0.409412 0.359454
0.523340 0.148576
0.032098 0.895099
0.711018 0.745872
0.316081 0.084444
0.538613 0.015569
0.241344 0.998281
0.254676 0.329378
