40
0.166364 0.540083
0.473320 0.528501
0.545712 0.556476
0.292223 0.217708
0.748661 0.783046
0.383479 0.724808
0.395006 0.849594
0.872172 0.333277
0.887622 0.531442
0.507135 0.227350
0.407700 0.590603
0.794091 0.132789
0.607877 0.514528
0.787468 0.960226
0.277601 0.009704
0.125193 0.443964
0.549787 0.598513
0.972465 0.095499
0.154989 0.264688
0.313207 0.903650
0.047734 0.696686
0.628458 0.442740
0.546280 0.500630
0.776018 0.433901
0.032072 0.283153
0.661252 0.439771
0.873756 0.455342
0.572560 0.481632
0.969871 0.360027
0.441859 0.247471
0.369731 0.567052
0.691436 0.919518
0.165565 0.663901
0.015017 0.320554
0.928589 0.328223
0.224204 0.976324
0.024909 0.852661
0.419064 0.571189
0.353291 0.195081
0.005090 0.385362
