40
0.484815 0.395371
0.318155 0.369700
0.552426 0.484607
0.660100 0.727822
0.637366 0.709308
0.116638 0.781522
0.902685 0.197110
0.583417 0.065365
0.321226 0.164735
0.595041 0.322608
0.617030 0.249433
0.476737 0.279328
0.155993 0.626146
0.182091 0.361691
0.778932 0.019682
0.928513 0.263748
0.415052 0.246668
0.633447 0.967479
0.731275 0.293548
0.695301 0.368641
0.002855 0.811939
0.150163 0.905540
0.009049 0.733580
0.970905 0.330275
0.898315 0.565946
0.652883 0.515346
0.815378 0.129621
0.794674 0.971371
0.755767 0.976765
0.333062 0.534699
0.996447 0.261575
0.798447 0.411499
0.508242 0.431894
0.378978 0.239517
0.725442 0.074279
0.608158 0.728297
0.886218 0.758320
0.633838 0.895268
0.491901 0.604743
0.225543 0.390216
