40
0.421114 0.953867
0.003667 0.383145
0.785840 0.131067
0.538052 0.893142
0.134869 0.321499
0.297593 0.113398
0.278991 0.759550
0.215019 0.932928
0.290023 0.959246
0.247644 0.362102
0.069195 0.650680
0.596853 0.020686
0.443167 0.335388
0.278456 0.908409
0.663837 0.604365
0.362833 0.084951
0.558233 0.366500
0.468096 0.344072
0.497567 0.006148
0.237215 0.632436
0.327647 0.534808
0.745833 0.606638
0.294357 0.960852
0.539566 0.584380
0.920098 0.787210
0.946482 0.989294
0.437891 0.543335
0.009980 0.881058
0.878723 0.288435
0.789467 0.542560
0.892801 0.152300
0.627511 0.451033
0.518800 0.095607
0.795106 0.016367
0.101755 0.032320
0.648803 0.429403
0.567128 0.394636
0.036041 0.861485
0.355489 0.575607
0.445866 0.275587
