40
0.718797 0.293515
0.444933 0.072457
0.794859 0.803599
0.560839 0.767957
0.277365 0.524299
0.976753 0.796960
0.275168 0.402669
0.811338 0.671075
0.489992 0.444016
0.224010 0.685060
0.400344 0.948388
0.457844 0.395352
0.810148 0.571867
0.923292 0.918237
0.911814 0.874400
0.857046 0.630611
0.167915 0.301979
0.703069 0.962773
0.105578 0.263907
0.730730 0.382944
0.788207 0.707483
0.179904 0.063375
0.110152 0.991242
0.734450 0.600144
0.435258 0.958461
0.285204 0.835602
0.906849 0.743048
0.230954 0.716997
0.314915 0.154246
0.635234 0.226729
0.028646 0.492280
0.857340 0.196560
0.794259 0.560409
0.159334 0.899837
0.824316 0.890064
0.282781 0.612523
0.597547 0.462685
0.675898 0.707699
0.453927 0.410348
0.307843 0.889185
