40
0.484637 0.568459
0.666055 0.830572
0.151937 0.607636
0.753236 0.848439
0.439840 0.806076
0.812542 0.839367
0.909292 0.654704
0.890888 0.819664
0.102227 0.146623
0.242508 0.882045
0.610518 0.017549
0.805490 0.833397
0.022173 0.897069
0.840857 0.087219
0.834714 0.055981
0.116807 0.319352
0.624440 0.782863
0.149924 0.776377
0.390499 0.903160
0.624816 0.830339
0.709236 0.437358
0.669706 0.618527
0.092062 0.560594
0.438192 0.194289
0.707217 0.680699
0.076333 0.317735
0.698249 0.881823
0.151131 0.720422
0.778892 0.991988
0.807641 0.613607
0.047970 0.924448
0.932959 0.672410
0.707311 0.082883
0.448787 0.097810
0.986043 0.073603
0.928149 0.695278
0.510961 0.597855
0.313806 0.603024
0.158449 0.751997
0.797312 0.865667
