40
0.568090 0.256651
0.042838 0.728640
0.055328 0.829329
0.808840 0.359637
0.132377 0.492890
0.718645 0.576768
0.660016 0.594660
0.878756 0.507963
0.186091 0.787025
0.539323 0.245080
0.484713 0.716269
0.393322 0.430698
0.994290 0.738855
0.444843 0.554986
0.419223 0.413751
0.937219 0.987312
0.670402 0.980057
0.715953 0.725731
0.809386 0.524793
0.085368 0.941763
0.017683 0.804013
0.518531 0.677699
0.398673 0.397287
0.185662 0.584764
0.184312 0.724985
0.829844 0.669024
0.441255 0.223167
0.099722 0.435544
0.962022 0.544565
0.990531 0.381245
0.958316 0.927749
0.368557 0.628718
0.907806 0.084509
0.354449 0.717192
0.609302 0.439816
0.658955 0.626986
0.243829 0.177486
0.304685 0.642503
0.574772 0.490347
0.227267 0.759084
