40
0.195670 0.206839
0.408624 0.332823
0.482331 0.513946
0.853419 0.356943
0.646673 0.598836
0.079898 0.180236
0.966341 0.258004
0.477755 0.230802
0.834709 0.598529
0.530549 0.256024
0.623831 0.458980
0.629543 0.429057
0.461881 0.451889
0.149791 0.544964
0.442098 0.561493
0.820574 0.637767
0.768333 0.229198
0.970590 0.250664
0.743144 0.824010
0.607607 0.389817
0.422845 0.687505
0.570053 0.389187
0.945509 0.047808
0.619989 0.780218
0.646337 0.150537
0.036243 0.270168
0.609517 0.665785
0.699226 0.071399
0.117674 0.849016
0.616363 0.559772
0.410510 0.436937
0.197539 0.178842
0.666135 0.168130
0.429506 0.409279
0.992139 0.037113
0.799096 0.414984
0.724618 0.369149
0.804171 0.670127
0.416957 0.424160
0.450346 0.063294
