40
0.472676 0.373913
0.310973 0.113187
0.451913 0.425530
0.832075 0.663126
0.115631 0.481906
0.712230 0.802481
0.192309 0.697099
0.294107 0.360138
0.787676 0.614792
0.950007 0.262491
0.663991 0.290663
0.488758 0.159603
0.536762 0.406289
0.350660 0.563119
0.092275 0.184758
0.986780 0.564951
0.558670 0.297752
0.678138 0.010583
0.723282 0.510213
0.673709 0.838913
0.992119 0.385939
0.641393 0.184428
0.083038 0.935501
0.544566 0.870714
0.550293 0.494573
0.133205 0.214284
0.785236 0.621962
0.373887 0.321999
0.028251 0.724547
0.885118 0.120526
0.909305 0.871897
0.685477 0.467975
0.169650 0.363616
0.478558 0.892932
0.873829 0.152268
0.731845 0.865948
0.538207 0.373238
0.050376 0.621244
0.308739 0.594942
0.491958 0.859032
