40
0.089515 0.625163
0.073316 0.874751
0.247125 0.447203
0.196750 0.275376
0.171751 0.081867
0.395902 0.081056
0.953765 0.081380
0.549031 0.123414
0.444995 0.027589
0.016346 0.318824
0.179857 0.748191
0.184772 0.718064
0.121429 0.235148
0.339308 0.430168
0.830090 0.831266
0.289199 0.919605
0.456429 0.362515
0.794356 0.703554
0.809718 0.991105
0.978930 0.981468
0.072973 0.374832
0.062524 0.026737
0.456212 0.611555
0.150151 0.901207
0.639145 0.166498
0.220031 0.819002
0.914688 0.404804
0.537066 0.036117
0.639952 0.876374
0.466285 0.470042
0.707641 0.755484
0.389646 0.164070
0.117999 0.184002
0.867624 0.927716
0.175108 0.846554
0.909185 0.248080
0.221386 0.971709
0.274817 0.677598
0.583264 0.424969
0.578805 0.222409
