40
0.900586 0.722587
0.400542 0.964712
0.171894 0.762787
0.460489 0.905375
0.558715 0.990554
0.116416 0.537972
0.799995 0.140952
0.096656 0.267087
0.160486 0.146068
0.551302 0.812224
0.287101 0.303338
0.468179 0.032960
0.714236 0.309224
0.917915 0.759789
0.553097 0.576913
0.378151 0.453682
0.299500 0.778693
0.418394 0.471394
0.541480 0.878883
0.376769 0.100195
0.869437 0.493184
0.638168 0.669431
0.634136 0.734824
0.936519 0.794621
0.880892 0.487821
0.606846 0.167993
0.791159 0.075025
0.200954 0.505395
0.384249 0.118869
0.265184 0.937345
0.695782 0.643335
0.391028 0.995281
0.422028 0.809422
0.466675 0.963508
0.688305 0.843444
0.063704 0.557742
0.336628 0.701871
0.227173 0.970764
0.436695 0.163692
0.765385 0.317587
