40
0.886030 0.195292
0.153938 0.970863
0.933211 0.771291
0.474310 0.131228
0.118088 0.887646
0.790642 0.753336
0.360715 0.383430
0.707684 0.492646
0.413112 0.064056
0.847619 0.750424
0.490733 0.703018
0.868748 0.648009
0.610137 0.174391
0.710034 0.279101
0.222721 0.049114
0.074060 0.108750
0.244406 0.227997
0.079613 0.177617
0.999288 0.553924
0.308845 0.117376
0.441570 0.099487
0.870713 0.802285
0.482918 0.578397
0.294931 0.896030
0.642453 0.142549
0.646453 0.133186
0.845567 0.515201
0.781195 0.455704
0.689592 0.491229
0.734804 0.912313
0.540343 0.808864
0.021064 0.784749
0.036861 0.100677
0.962366 0.036150
0.654601 0.271211
0.153526 0.096171
0.370699 0.024239
0.898456 0.853616
0.602636 0.193386
0.749646 0.245089
