40
0.404919 0.369571
0.734929 0.852365
0.780859 0.429925
0.828663 0.263360
0.993846 0.889460
0.158692 0.071733
0.128459 0.527153
0.833774 0.631114
0.442082 0.288206
0.172154 0.461708
0.898894 0.555604
0.675773 0.693264
0.182086 0.511239
0.585564 0.673210
0.966097 0.356714
0.776266 0.371016
0.726286 0.511195
0.223381 0.507144
0.941120 0.052044
0.770504 0.934966
0.941505 0.929196
0.006699 0.069964
0.456350 0.840473
0.701078 0.898431
0.128679 0.873231
0.360139 0.027574
0.428836 0.035913
0.720838 0.610921
0.547152 0.306402
0.284131 0.513248
0.663117 0.060397
0.884264 0.389402
0.571593 0.107645
0.896547 0.512713
0.159689 0.667050
0.447678 0.101194
0.596247 0.454377
0.171158 0.052596
0.294850 0.872236
0.951028 0.423529
