40
0.582851 0.558957
0.470415 0.841289
0.190393 0.036770
0.891049 0.177122
0.148974 0.057035
0.093882 0.520386
0.911473 0.657456
0.599013 0.026136
0.476456 0.197416
0.255222 0.515045
0.333603 0.210188
0.759302 0.413925
0.171579 0.576616
0.761676 0.403623
0.607690 0.425824
0.079705 0.190541
0.984781 0.550120
0.031830 0.175174
0.586890 0.922878
0.352296 0.735864
0.979913 0.446178
0.256250 0.891385
0.103633 0.855263
0.917522 0.580089
0.052679 0.172743
0.095134 0.386282
0.382931 0.854436
0.800207 0.554511
0.431052 0.561883
0.958134 0.038742
0.987707 0.037839
0.229283 0.972488
0.587959 0.261112
0.147662 0.174849
0.183991 0.499958
0.910713 0.163903
0.946136 0.166963
0.055289 0.049769
0.022226 0.972810
0.629858 0.074905
