40
0.226661 0.667098
0.005222 0.470316
0.889042 0.265388
0.298742 0.193449
0.353844 0.126532
0.427061 0.110171
0.962892 0.014195
0.253509 0.713130
0.900811 0.064294
0.272816 0.074939
0.908026 0.852092
0.970968 0.628099
0.302566 0.825290
0.744696 0.073886
0.581493 0.151199
0.538926 0.808154
0.818297 0.544148
0.278470 0.707339
0.809536 0.577212
0.900788 0.163380
0.703744 0.327849
0.273551 0.666635
0.342043 0.527060
0.379765 0.242854
0.591353 0.652581
0.317793 0.499380
0.504673 0.288761
0.127478 0.807239
0.114051 0.872174
0.881125 0.695544
0.023373 0.420051
0.503698 0.841670
0.964199 0.782168
0.549008 0.773735
0.359380 0.449796
0.937114 0.063124
0.777645 0.210665
0.729759 0.119688
0.737725 0.109524
0.362541 0.329078
