40
0.299868 0.213770
0.543996 0.132697
0.410016 0.938663
0.729906 0.208811
0.098886 0.946133
0.180385 0.440189
0.151232 0.021054
0.403225 0.306614
0.128356 0.852439
0.179425 0.331938
0.574607 0.422588
0.396941 0.957593
0.498699 0.909643
0.441856 0.810054
0.248702 0.929945
0.324671 0.548571
0.143715 0.868667
0.681268 0.553731
0.807330 0.411174
0.762542 0.906216
0.357308 0.942927
0.346405 0.508540
0.963982 0.749630
0.815153 0.092337
0.602069 0.994578
0.424275 0.176677
0.417166 0.821216
0.134270 0.915865
0.730859 0.576126
0.725919 0.979562
0.506071 0.050590
0.528133 0.649786
0.919257 0.209401
0.203517 0.726587
0.620575 0.966059
0.632803 0.977883
0.908987 0.979208
0.486422 0.872968
0.728838 0.301576
0.965306 0.330907
