40
0.318210 0.582966
0.351423 0.237350
0.309166 0.287190
0.049997 0.838164
0.667727 0.667171
0.145941 0.302047
0.035501 0.731645
0.903658 0.231683
0.279332 0.750835
0.153186 0.774077
0.518047 0.261554
0.912938 0.979625
0.276736 0.939447
0.458889 0.182580
0.929204 0.451588
0.579411 0.247414
0.034554 0.930834
0.484764 0.343719
0.218025 0.534761
0.181884 0.885751
0.201932 0.327825
0.187798 0.237434
0.059469 0.091456
0.469117 0.338801
0.842291 0.622303
0.112878 0.360338
0.883858 0.025816
0.339963 0.160594
0.965263 0.798852
0.343174 0.894467
0.250440 0.922585
0.141881 0.284993
0.853420 0.626645
0.628713 0.071444
0.161406 0.810597
0.957195 0.363339
0.138422 0.144993
0.600773 0.197891
0.236449 0.069889
0.536692 0.078739
