40
0.705793 0.836867
0.175444 0.709177
0.459920 0.507260
0.132496 0.804614
0.105394 0.092150
0.832654 0.535288
0.824608 0.023523
0.451103 0.574747
0.420406 0.907838
0.526733 0.759916
0.998210 0.605706
0.642796 0.189291
0.762962 0.735469
0.533756 0.333317
0.758102 0.371701
0.741414 0.463896
0.208568 0.916857
0.173072 0.668488
0.424117 0.305569
0.473102 0.529511
0.397719 0.305756
0.064799 0.222327
0.329279 0.515902
0.797074 0.749685
0.423740 0.323808
0.509600 0.421950
0.929514 0.152396
0.611240 0.692476
0.887865 0.144996
0.025793 0.645968
0.516697 0.767206
0.109863 0.725265
0.684064 0.282936
0.393754 0.108181
0.588504 0.866856
0.637693 0.986223
0.172612 0.702492
0.208550 0.501891
0.218394 0.005624
0.251575 0.642134
