40
0.530391 0.283705
0.788028 0.934201
0.722721 0.981394
0.567925 0.213967
0.986915 0.577518
0.146071 0.248364
0.736585 0.744057
0.116532 0.664923
0.404746 0.937090
0.644267 0.532744
0.906823 0.097400
0.259184 0.777774
0.853390 0.262954
0.643159 0.955954
0.101387 0.098108
0.768996 0.631777
0.381814 0.557024
0.565979 0.104534
0.538418 0.133904
0.318501 0.525333
0.711422 0.464572
0.773697 0.448007
0.208629 0.890229
0.112930 0.613375
0.827320 0.757196
0.146119 0.734142
0.854596 0.405303
0.511916 0.707987
0.668257 0.155075
0.663941 0.769644
0.253183 0.432937
0.401421 0.634997
0.989961 0.967400
0.739531 0.528379
0.101303 0.058032
0.053712 0.812725
0.522604 0.827409
0.260732 0.731233
0.717639 0.373661
0.344608 0.544959
