40
0.069073 0.411646
0.559985 0.206868
0.151465 0.511106
0.975901 0.865320
0.724704 0.406223
0.095565 0.281272
0.358156 0.802672
0.759018 0.276385
0.583079 0.011937
0.096691 0.854949
0.881198 0.486718
0.525697 0.676289
0.830259 0.984393
0.249535 0.040837
0.154474 0.017163
0.278928 0.223547
0.428809 0.838913
0.430415 0.580274
0.350020 0.406317
0.445595 0.074724
0.812540 0.541160
0.355996 0.170696
0.343831 0.115014
0.447081 0.926910
0.126951 0.543772
0.781859 0.008149
0.030490 0.307555
0.684439 0.860749
0.291949 0.933974
0.901586 0.446423
0.951137 0.180514
0.669970 0.379946
0.019428 0.100386
0.960220 0.369447
0.506702 0.405815
0.444171 0.319242
0.946975 0.800167
0.489938 0.290806
0.915181 0.937019
0.217716 0.042132
