40
0.926985 0.470814
0.018436 0.394311
0.637395 0.309633
0.524718 0.208958
0.100429 0.586583
0.465845 0.007874
0.681515 0.682515
0.055043 0.614965
0.486784 0.786035
0.099413 0.539729
0.192226 0.526379
0.342524 0.751072
0.788436 0.058559
0.393583 0.799039
0.321616 0.676317
0.717566 0.248601
0.147131 0.736002
0.642912 0.784526
0.045635 0.167630
0.993484 0.146064
0.754213 0.459329
0.153939 0.435728
0.141845 0.208981
0.050692 0.628629
0.995016 0.150105
0.168358 0.187243
0.676484 0.510882
0.938315 0.464920
0.569441 0.331898
0.263958 0.891057
0.008215 0.981524
0.139658 0.155346
0.717526 0.782570
0.939871 0.763161
0.950200 0.933356
0.909225 0.704413
0.392685 0.063164
0.140141 0.534530
0.272145 0.190834
0.163159 0.267161
