40
0.760358 0.148366
0.522400 0.011010
0.519513 0.964334
0.473090 0.723117
0.427540 0.621065
0.475818 0.301131
0.341113 0.464739
0.283305 0.086129
0.761861 0.316426
0.502752 0.559817
0.560060 0.869367
0.204015 0.578158
0.192875 0.275330
0.876402 0.628541
0.297148 0.974726
0.174045 0.057506
0.123093 0.696445
0.068516 0.642606
0.660779 0.541606
0.365723 0.088320
0.162671 0.841541
0.389451 0.503785
0.306279 0.672756
0.589913 0.068140
0.989182 0.092665
0.627957 0.549242
0.962032 0.831973
0.127400 0.154906
0.107302 0.003802
0.783447 0.404451
0.978529 0.957492
0.461957 0.101621
0.653937 0.530473
0.744227 0.314716
0.072079 0.109950
0.403036 0.234751
0.951490 0.792487
0.738535 0.257770
0.465242 0.328449
0.325910 0.454424
