40
0.452119 0.398361
0.230050 0.428425
0.652704 0.756111
0.320061 0.461239
0.571281 0.451029
0.590419 0.154757
0.113697 0.312618
0.975661 0.112456
0.000832 0.084311
0.770211 0.801550
0.535687 0.193798
0.357503 0.427424
0.406390 0.150672
0.665590 0.669673
0.886752 0.014629
0.404427 0.338871
0.412990 0.634478
0.767296 0.065695
0.390589 0.087357
0.526934 0.961871
0.538386 0.117352
0.116627 0.652083
0.429970 0.092288
0.764539 0.430802
0.176599 0.534750
0.232352 0.712286
0.728548 0.589854
0.139711 0.134938
0.740527 0.805301
0.804611 0.627279
0.819930 0.209038
0.966150 0.232920
0.843516 0.733446
0.298614 0.234105
0.820803 0.825548
0.195975 0.359189
0.942900 0.312603
0.011272 0.372870
0.404891 0.775811
0.803672 0.581490
