40
0.995502 0.690234
0.401176 0.996934
0.517220 0.631559
0.239020 0.433417
0.779719 0.799826
0.840675 0.316290
0.591056 0.662929
0.252839 0.505439
0.097553 0.944748
0.379349 0.514483
0.190305 0.899791
0.771189 0.590254
0.816059 0.995538
0.217127 0.241528
0.437018 0.412116
0.741073 0.432520
0.102351 0.142248
0.429453 0.619571
0.773807 0.668474
0.052987 0.553526
0.468300 0.893663
0.869816 0.059356
0.556591 0.122656
0.564794 0.654144
0.067403 0.944144
0.168627 0.257708
0.843934 0.939816
0.847962 0.659994
0.935354 0.065089
0.901522 0.372372
0.477205 0.642594
0.804891 0.579556
0.784842 0.234345
0.199127 0.558650
0.902819 0.252114
0.112176 0.371118
0.145777 0.981992
0.430474 0.702368
0.104648 0.995269
0.356512 0.172051
