40
0.034126 0.188699
0.731974 0.662877
0.271174 0.037020
0.692286 0.184298
0.727745 0.991704
0.137410 0.256230
0.512944 0.953574
0.778905 0.933187
0.283960 0.651581
0.751677 0.895780
0.439308 0.398725
0.911446 0.052796
0.536493 0.435206
0.471213 0.877233
0.705701 0.971886
0.147933 0.739827
0.160585 0.879907
0.402703 0.431758
0.916928 0.094989
0.616056 0.644673
0.086693 0.753466
0.900903 0.599637
0.707040 0.679807
0.532824 0.991000
0.331388 0.284501
0.886780 0.770696
0.683227 0.798225
0.823492 0.219720
0.233432 0.294705
0.096953 0.939132
0.266591 0.244886
0.678959 0.427176
0.124793 0.081662
0.858934 0.041721
0.176652 0.474990
0.686394 0.263345
0.228457 0.587296
0.862981 0.935496
0.267104 0.395805
0.926496 0.598492
