40
0.716784 0.448006
0.571774 0.608612
0.812562 0.854196
0.964162 0.018008
0.611460 0.986079
0.406350 0.280543
0.367390 0.323294
0.264229 0.640701
0.048970 0.173385
0.338018 0.578411
0.350296 0.706661
0.736626 0.772021
0.791321 0.355294
0.545850 0.116227
0.930030 0.259208
0.688452 0.646814
0.707214 0.260226
0.255427 0.519776
0.114422 0.219589
0.537785 0.725881
0.205668 0.944135
0.006424 0.573058
0.267428 0.270653
0.213759 0.316398
0.444038 0.551777
0.894809 0.794334
0.258438 0.631435
0.566354 0.049760
0.986729 0.112204
0.165986 0.916760
0.371412 0.854438
0.563574 0.078626
0.114664 0.819000
0.598403 0.229085
0.038589 0.136188
0.954967 0.244257
0.080322 0.961391
0.817315 0.347750
0.232044 0.031074
0.664148 0.676082
