40
0.182564 0.374113
0.678363 0.095579
0.998875 0.749190
0.765822 0.919476
0.172177 0.739605
0.234103 0.518842
0.818603 0.658294
0.749060 0.574928
0.302933 0.195737
0.094672 0.039547
0.412485 0.656926
0.132702 0.417083
0.339319 0.470896
0.615260 0.436810
0.166637 0.088003
0.492000 0.349201
0.462115 0.170363
0.444780 0.460991
0.919553 0.210602
0.380466 0.091730
0.950207 0.614569
0.610572 0.768810
0.272863 0.359632
0.343738 0.575797
0.555369 0.438410
0.615344 0.967854
0.095336 0.748046
0.384936 0.434655
0.218942 0.000197
0.871465 0.385579
0.088199 0.363465
0.734780 0.550315
0.533828 0.179560
0.011305 0.453381
0.390162 0.391771
0.545110 0.340369
0.006340 0.155682
0.109179 0.279203
0.515314 0.452918
0.855000 0.070683
