40
0.849345 0.049274
0.700496 0.957585
0.646975 0.141927
0.839719 0.129219
0.314928 0.900636
0.271820 0.023170
0.721829 0.385336
0.302679 0.597073
0.508877 0.779331
0.959855 0.816489
0.819532 0.048964
0.286828 0.416965
0.923116 0.107591
0.531464 0.873948
0.309987 0.856310
0.491713 0.159332
0.905584 0.192210
0.116918 0.552558
0.334137 0.956636
0.681778 0.649065
0.857273 0.953597
0.672235 0.579102
0.338933 0.974913
0.176174 0.847810
0.754244 0.136029
0.664299 0.573776
0.184993 0.951127
0.990741 0.108108
0.058718 0.522205
0.982057 0.368706
0.378515 0.473770
0.528038 0.284099
0.665980 0.644955
0.836657 0.000117
0.601592 0.518435
0.649181 0.458864
0.472032 0.321416
0.037966 0.810965
0.296329 0.214140
0.658775 0.050573
