40
0.332712 0.213579
0.795709 0.609222
0.320690 0.758979
0.229697 0.096562
0.387288 0.128485
0.420178 0.311810
0.150949 0.404485
0.277257 0.601640
0.924038 0.817530
0.206133 0.152961
0.730494 0.359493
0.317795 0.211079
0.698132 0.365444
0.890444 0.181676
0.815747 0.345707
0.716600 0.148459
0.559286 0.512309
0.757681 0.879976
0.271288 0.987378
0.976538 0.658576
0.115863 0.396715
0.970385 0.266812
0.801201 0.247643
0.868452 0.725239
0.065172 0.074585
0.878200 0.795666
0.434078 0.195995
0.006745 0.132210
0.561439 0.897189
0.313885 0.377186
0.242896 0.030485
0.525645 0.802183
0.542793 0.283326
0.682159 0.814081
0.270703 0.658697
0.472657 0.386567
0.055412 0.443043
0.653379 0.856613
0.690685 0.521831
0.581852 0.755857
