40
0.888445 0.237968
0.798293 0.688667
0.280218 0.143893
0.545480 0.071686
0.752868 0.597865
0.729361 0.567162
0.011432 0.423905
0.588040 0.895413
0.221298 0.434503
0.298864 0.148479
0.206220 0.779169
0.179426 0.495887
0.276223 0.327514
0.503439 0.579173
0.016898 0.244148
0.957808 0.905343
0.482116 0.756101
0.594011 0.762334
0.899994 0.139491
0.834020 0.652863
0.737356 0.563382
0.220025 0.748788
0.987287 0.808065
0.644201 0.208585
0.242568 0.943065
0.357064 0.448788
0.722235 0.536490
0.944675 0.998458
0.864004 0.448114
0.577630 0.880902
0.692261 0.535439
0.786245 0.174377
0.291540 0.380255
0.936712 0.191534
0.519746 0.770732
0.844397 0.257103
0.334114 0.064422
0.005890 0.321401
0.872486 0.650092
0.529985 0.115054
