40
0.488536 0.631258
0.261645 0.652232
0.357829 0.883828
0.947785 0.580946
0.735136 0.913082
0.923845 0.483386
0.984309 0.231403
0.170899 0.460546
0.491137 0.909967
0.228859 0.929452
0.978102 0.804913
0.692172 0.934645
0.785678 0.019816
0.457348 0.973852
0.593228 0.037393
0.597024 0.081764
0.668651 0.858669
0.733996 0.026480
0.742496 0.681781
0.607427 0.477633
0.594863 0.531272
0.961019 0.579171
0.762675 0.131917
0.039718 0.253812
0.041884 0.268576
0.183264 0.019986
0.073489 0.875436
0.954631 0.859168
0.895252 0.411979
0.833019 0.488480
0.449372 0.430043
0.570244 0.118024
0.288712 0.304239
0.144504 0.031208
0.986021 0.751931
0.508841 0.580883
0.283203 0.469860
0.160055 0.045878
0.601777 0.199773
0.299690 0.643661
