40
0.101858 0.592566
0.279022 0.093873
0.164644 0.451453
0.725413 0.962152
0.886950 0.098549
0.914251 0.802253
0.391291 0.247666
0.171514 0.489417
0.849058 0.343079
0.140913 0.454804
0.916996 0.841646
0.558418 0.996195
0.065639 0.862930
0.568512 0.986081
0.012359 0.874178
0.092358 0.114217
0.466744 0.371381
0.208089 0.631388
0.822833 0.933502
0.593540 0.709783
0.032051 0.507791
0.512036 0.423343
0.755457 0.683550
0.912760 0.604515
0.026629 0.053673
0.059319 0.943625
0.895319 0.617737
0.939819 0.960958
0.480667 0.508331
0.947039 0.493026
0.382509 0.039398
0.607243 0.849254
0.410778 0.815332
0.480642 0.233612
0.748834 0.074181
0.943395 0.780886
0.581973 0.455431
0.204229 0.337430
0.138981 0.116989
0.941945 0.165609
