40
0.804762 0.574706
0.401475 0.407546
0.309847 0.789723
0.233259 0.791623
0.298927 0.245493
0.904218 0.803502
0.409551 0.995793
0.532693 0.427009
0.685991 0.681821
0.037393 0.068080
0.059560 0.181354
0.266572 0.310829
0.609700 0.270447
0.502496 0.884779
0.031240 0.509794
0.317542 0.836002
0.084500 0.719017
0.243548 0.394347
0.508740 0.476808
0.185970 0.807667
0.722300 0.090188
0.611168 0.131851
0.085981 0.143861
0.558860 0.771973
0.825682 0.596253
0.840052 0.885242
0.777607 0.106624
0.196070 0.387307
0.377072 0.698566
0.272086 0.408312
0.208361 0.589628
0.244314 0.292861
0.308645 0.487863
0.687208 0.817385
0.964670 0.873179
0.625051 0.686971
0.963367 0.236220
0.818822 0.049348
0.380081 0.377682
0.821321 0.205763
