40
0.680306 0.813276
0.369188 0.363533
0.611501 0.192681
0.583253 0.844933
0.487386 0.680205
0.784066 0.753977
0.925091 0.463025
0.181153 0.049884
0.544687 0.040087
0.091605 0.721339
0.515078 0.777999
0.984683 0.743534
0.365295 0.847665
0.679031 0.632399
0.243470 0.605527
0.230890 0.923777
0.418803 0.600079
0.287310 0.030304
0.792759 0.870562
0.875237 0.280145
0.550768 0.659303
0.034122 0.475859
0.122327 0.215275
0.525743 0.667014
0.255362 0.617348
0.388353 0.770440
0.395347 0.373036
0.513975 0.760642
0.220701 0.193005
0.393041 0.464171
0.798532 0.623931
0.387948 0.217335
0.224010 0.675257
0.247639 0.016769
0.545819 0.122876
0.296915 0.096587
0.782178 0.331037
0.572446 0.904506
0.546312 0.098189
0.571520 0.801674
