40
0.335936 0.396099
0.378275 0.181503
0.911300 0.159470
0.637207 0.600893
0.650699 0.372011
0.513206 0.191042
0.180875 0.534269
0.975791 0.217736
0.634946 0.938157
0.253886 0.289547
0.209368 0.407412
0.385718 0.580067
0.431651 0.284174
0.433683 0.034287
0.477560 0.183328
0.279377 0.813495
0.579428 0.657652
0.994998 0.490728
0.817122 0.632205
0.091621 0.467821
0.004216 0.604826
0.658863 0.185091
0.139096 0.634654
0.402827 0.774042
0.572811 0.656713
0.063589 0.782179
0.064126 0.449307
0.362245 0.495777
0.733481 0.795928
0.530065 0.211041
0.979257 0.809441
0.024536 0.558684
0.467093 0.019534
0.049412 0.284215
0.651739 0.141033
0.752036 0.655955
0.745859 0.410898
0.841045 0.884955
0.045552 0.243872
0.658997 0.618363
