40
0.696318 0.440654
0.961412 0.397537
0.864443 0.767145
0.829648 0.786777
0.652923 0.765141
0.387863 0.462597
0.586277 0.440461
0.402294 0.378659
0.902548 0.968020
0.134451 0.721855
0.826116 0.872020
0.470564 0.365288
0.764381 0.602550
0.765555 0.619018
0.172778 0.181080
0.988871 0.869096
0.621734 0.950284
0.266632 0.486177
0.717429 0.096280
0.272954 0.370352
0.861422 0.660817
0.832949 0.447698
0.101278 0.235243
0.826358 0.003826
0.203263 0.960809
0.725681 0.029379
0.832829 0.196245
0.394667 0.597209
0.798796 0.160223
0.216227 0.971574
0.341303 0.205098
0.840669 0.963037
0.155382 0.107302
0.449214 0.872811
0.203582 0.722168
0.243163 0.065003
0.382985 0.076112
0.512702 0.484263
0.311354 0.339060
0.488089 0.514617
