40
0.368808 0.593047
0.724787 0.275657
0.336095 0.955741
0.992654 0.651009
0.109986 0.627888
0.877739 0.138632
0.120168 0.735079
0.335193 0.914426
0.295488 0.494527
0.814263 0.119804
0.384591 0.097044
0.732327 0.982138
0.559729 0.408225
0.689837 0.013655
0.818572 0.997680
0.902840 0.187381
0.590726 0.627627
0.463038 0.926821
0.583367 0.455692
0.577830 0.693354
0.083579 0.455569
0.831986 0.203747
0.190648 0.167179
0.118173 0.486135
0.661705 0.932436
0.605939 0.046296
0.029480 0.338266
0.028433 0.589209
0.746491 0.718270
0.602864 0.565063
0.715950 0.505704
0.752444 0.306676
0.133331 0.215482
0.233497 0.716698
0.671174 0.811327
0.410052 0.754754
0.266896 0.242038
0.958501 0.457543
0.409216 0.076674
0.943679 0.070921
