40
0.688645 0.812106
0.308679 0.948462
0.334841 0.219899
0.987927 0.571866
0.884536 0.497725
0.045012 0.884442
0.233712 0.350695
0.679669 0.747412
0.519409 0.926261
0.597094 0.713858
0.841705 0.238214
0.410631 0.020671
0.369125 0.116800
0.583474 0.490364
0.882233 0.933756
0.784627 0.570878
0.745862 0.093306
0.519341 0.080703
0.313204 0.507268
0.652568 0.197740
0.004992 0.697580
0.082183 0.238704
0.048275 0.761852
0.986117 0.567685
0.688113 0.583211
0.281543 0.529818
0.821425 0.692174
0.550489 0.190550
0.808974 0.133963
0.680914 0.691207
0.067719 0.465541
0.262085 0.813581
0.558847 0.781426
0.894284 0.872051
0.288694 0.546852
0.069792 0.293686
0.244433 0.151975
0.532390 0.292708
0.913826 0.518507
0.860393 0.601940
