40
0.690300 0.353598
0.721348 0.990632
0.798516 0.121678
0.635216 0.820395
0.272811 0.139364
0.872154 0.029748
0.573762 0.845121
0.862832 0.976944
0.725959 0.990452
0.772386 0.935989
0.849941 0.383756
0.767995 0.264210
0.322923 0.878228
0.790951 0.652071
0.456766 0.167414
0.444689 0.147066
0.521012 0.166037
0.137698 0.319528
0.287715 0.772914
0.139924 0.560527
0.912278 0.012078
0.590275 0.486040
0.857199 0.453106
0.462984 0.583158
0.443559 0.235370
0.519147 0.293500
0.619125 0.287143
0.557710 0.942048
0.165371 0.348661
0.594120 0.622136
0.516075 0.038809
0.769202 0.037087
0.204847 0.906901
0.356615 0.492562
0.679815 0.496539
0.053088 0.592093
0.508617 0.643363
0.078133 0.365816
0.096470 0.541117
0.948975 0.540028
