40
0.981422 0.448955
0.857630 0.444287
0.123515 0.511990
0.446339 0.705353
0.014415 0.469971
0.715027 0.965939
0.763521 0.494252
0.108948 0.884687
0.890237 0.584389
0.152924 0.919237
0.675406 0.974811
0.158938 0.852541
0.134721 0.471754
0.115100 0.475079
0.235698 0.045829
0.787409 0.217120
0.494784 0.645038
0.661407 0.618299
0.157028 0.107746
0.323652 0.171443
0.577716 0.038679
0.137382 0.341238
0.532932 0.246330
0.225925 0.423169
0.830719 0.378850
0.342406 0.506125
0.353660 0.501344
0.358666 0.488381
0.973098 0.473766
0.963461 0.208796
0.519595 0.750869
0.425916 0.014378
0.395907 0.087323
0.632677 0.552935
0.195068 0.956329
0.724378 0.772785
0.995008 0.861760
0.114022 0.527939
0.108090 0.339947
0.951108 0.938808
