40
0.304976 0.185235
0.581632 0.059371
0.396715 0.855468
0.872837 0.536667
0.196275 0.783192
0.830297 0.943666
0.271835 0.531947
0.610107 0.569135
0.712292 0.449629
0.711497 0.540261
0.383100 0.670379
0.042079 0.934288
0.805081 0.127622
0.290812 0.833816
0.358281 0.378836
0.617582 0.663257
0.564072 0.199214
0.722628 0.960786
0.054682 0.595465
0.497453 0.250957
0.378658 0.327751
0.194623 0.650493
0.859698 0.804730
0.219628 0.571990
0.254360 0.931124
0.112252 0.637460
0.601503 0.154330
0.571748 0.406584
0.281953 0.862560
0.240400 0.640234
0.241396 0.857982
0.303491 0.805468
0.057196 0.026119
0.766254 0.111878
0.621584 0.263707
0.362835 0.000242
0.591458 0.557458
0.650734 0.451156
0.362189 0.870362
0.023146 0.616549
