40
0.762105 0.680334
0.828458 0.266777
0.969095 0.955937
0.074016 0.083146
0.828111 0.955141
0.778689 0.851484
0.375192 0.282387
0.693153 0.339391
0.064555 0.242161
0.113125 0.423936
0.691957 0.050239
0.487059 0.469602
0.260905 0.216818
0.589290 0.998630
0.326342 0.951831
0.327708 0.088447
0.632165 0.156166
0.355224 0.601260
0.112103 0.429240
0.684406 0.940214
0.384381 0.463095
0.791697 0.759572
0.745483 0.484851
0.098963 0.810038
0.727012 0.212088
0.233973 0.418969
0.262328 0.721033
0.888571 0.523232
0.937851 0.477860
0.521862 0.264193
0.429691 0.849570
0.352639 0.061857
0.005736 0.707863
0.663117 0.117839
0.137103 0.347522
0.058053 0.521484
0.810617 0.849750
0.281057 0.556100
0.334601 0.380020
0.366138 0.061613
