40
0.025867 0.891552
0.084626 0.679658
0.749374 0.656351
0.556545 0.326242
0.041318 0.963747
0.056736 0.493134
0.222149 0.983873
0.353611 0.034315
0.757837 0.066428
0.482538 0.074705
0.569903 0.145009
0.673164 0.703055
0.634005 0.967150
0.102121 0.182600
0.758203 0.351868
0.548185 0.784070
0.243420 0.632811
0.463728 0.992794
0.289162 0.020274
0.319036 0.330480
0.984021 0.375772
0.823614 0.206170
0.359645 0.177225
0.240485 0.117482
0.243653 0.723023
0.192188 0.813556
0.868033 0.865351
0.516611 0.502038
0.832502 0.618732
0.684638 0.590705
0.970600 0.232823
0.374775 0.214019
0.865634 0.838504
0.206813 0.154796
0.858777 0.525849
0.485276 0.842798
0.901621 0.308891
0.048969 0.261266
0.486116 0.289454
0.378749 0.729769
