40
0.674894 0.086576
0.629255 0.153232
0.658440 0.964499
0.658551 0.604631
0.827733 0.256904
0.578253 0.821783
0.072039 0.411350
0.060170 0.003794
0.054922 0.864714
0.620277 0.311952
0.367696 0.704330
0.181029 0.930499
0.717127 0.095129
0.902181 0.909713
0.444560 0.271899
0.013779 0.119454
0.358476 0.643034
0.272686 0.016916
0.607533 0.931237
0.621547 0.435265
0.188141 0.199800
0.257048 0.260180
0.611150 0.317218
0.263974 0.666073
0.181932 0.884251
0.978025 0.549628
0.588581 0.159054
0.480127 0.305708
0.254183 0.382308
0.215421 0.698744
0.654207 0.229200
0.818197 0.012683
0.872233 0.090883
0.029599 0.479766
0.022120 0.651145
0.915031 0.210261
0.850946 0.172079
0.470441 0.462096
0.489297 0.734414
0.128169 0.671229
