40
0.124890 0.518283
0.741499 0.013738
0.812806 0.948448
0.626314 0.255174
0.666758 0.608006
0.212247 0.245055
0.756636 0.906572
0.030708 0.345353
0.590742 0.784756
0.618139 0.424245
0.305390 0.787195
0.568708 0.057063
0.281919 0.925274
0.129020 0.759044
0.936062 0.452787
0.026357 0.060953
0.971070 0.767856
0.074690 0.783876
0.716304 0.701005
0.039050 0.383062
0.309011 0.251297
0.628117 0.065646
0.157868 0.658825
0.411000 0.748610
0.443581 0.029138
0.172855 0.748971
0.816333 0.741563
0.806034 0.098252
0.666838 0.935055
0.857296 0.602900
0.387842 0.883654
0.663853 0.358911
0.651510 0.738543
0.142787 0.367814
0.439548 0.181837
0.750876 0.748558
0.433134 0.378993
0.814204 0.591002
0.037818 0.225204
0.339612 0.481399
