40
0.299724 0.217392
0.848506 0.353655
0.067620 0.744863
0.327038 0.860649
0.068219 0.242097
0.569289 0.448432
0.173740 0.339093
0.610494 0.583152
0.698547 0.133834
0.731728 0.730645
0.028933 0.442746
0.476517 0.345014
0.527190 0.015130
0.360583 0.768534
0.013411 0.615259
0.097912 0.313135
0.832651 0.946418
0.666790 0.900270
0.691281 0.993827
0.760919 0.759500
0.235925 0.330207
0.207932 0.409665
0.669301 0.818426
0.992816 0.367847
0.952260 0.724544
0.098492 0.981193
0.167290 0.575009
0.326207 0.694481
0.590138 0.686791
0.463014 0.603549
0.302050 0.560926
0.916684 0.134700
0.507344 0.583473
0.034971 0.198625
0.577301 0.795889
0.958125 0.813226
0.126097 0.166056
0.222890 0.795397
0.984482 0.215706
0.163245 0.936742
