40
0.574697 0.486588
0.333462 0.184214
0.152374 0.032687
0.255613 0.270048
0.881704 0.871976
0.829820 0.292213
0.308913 0.027359
0.471056 0.975048
0.195489 0.900561
0.384327 0.187628
0.937674 0.183423
0.602613 0.662292
0.552572 0.406784
0.332420 0.969529
0.830943 0.782765
0.032823 0.405640
0.269354 0.366285
0.589854 0.421728
0.398972 0.845467
0.691776 0.280676
0.717443 0.521596
0.572890 0.026356
0.548955 0.043945
0.001403 0.744444
0.944507 0.385731
0.932073 0.882181
0.569154 0.534685
0.544474 0.121726
0.941469 0.876893
0.091256 0.772412
0.659659 0.124079
0.178052 0.929012
0.490364 0.767907
0.350740 0.889336
0.613374 0.042516
0.170012 0.330817
0.564111 0.742902
0.357173 0.113067
0.786847 0.358576
0.857511 0.731354
