40
0.744307 0.789584
0.613536 0.313461
0.324269 0.158009
0.435188 0.265738
0.034903 0.526443
0.038151 0.694561
0.650522 0.216203
0.623574 0.140886
0.984110 0.974313
0.030221 0.597484
0.016829 0.200234
0.928301 0.580941
0.943136 0.285474
0.694007 0.729983
0.644051 0.551518
0.461338 0.388358
0.341102 0.074873
0.701819 0.665371
0.232883 0.137006
0.931110 0.267785
0.663450 0.969260
0.962347 0.313972
0.185463 0.585920
0.454857 0.169573
0.560234 0.485079
0.767058 0.577063
0.685312 0.695359
0.158003 0.628448
0.980833 0.852011
0.358432 0.624884
0.403529 0.819769
0.013242 0.744631
0.894642 0.715061
0.410003 0.127525
0.852068 0.341112
0.395311 0.515517
0.310373 0.357657
0.829489 0.495836
0.943577 0.284346
0.665409 0.503811
