40
0.462306 0.716253
0.197747 0.198410
0.748686 0.502590
0.752143 0.183136
0.962174 0.621694
0.458879 0.955488
0.108038 0.819863
0.181602 0.137544
0.886603 0.538859
0.552888 0.332980
0.839070 0.272828
0.510934 0.125885
0.919649 0.505632
0.516557 0.603850
0.054700 0.141343
0.483075 0.517006
0.857596 0.680823
0.715416 0.606282
0.183412 0.467559
0.789418 0.145586
0.089253 0.248297
0.101074 0.197291
0.068160 0.282676
0.334834 0.954763
0.821536 0.887722
0.287743 0.660606
0.160551 0.798677
0.786491 0.080200
0.304308 0.303048
0.684050 0.359009
0.444391 0.167125
0.876015 0.301988
0.847948 0.591431
0.908269 0.031360
0.058990 0.697688
0.176946 0.148242
0.945985 0.278020
0.345533 0.014145
0.560697 0.680367
0.968908 0.382232
