40
0.394097 0.023656
0.363548 0.702518
0.214224 0.828033
0.042982 0.331819
0.857317 0.317595
0.100108 0.639471
0.111394 0.553959
0.170298 0.015820
0.710293 0.166339
0.302185 0.770209
0.046403 0.280689
0.884907 0.631279
0.998906 0.107139
0.637887 0.065979
0.969033 0.375538
0.356488 0.363130
0.399195 0.720037
0.065648 0.613419
0.548070 0.108630
0.945238 0.405387
0.426225 0.045345
0.044858 0.537619
0.599304 0.215156
0.553439 0.309597
0.381495 0.855624
0.079806 0.427898
0.136313 0.964713
0.059178 0.135219
0.071852 0.697065
0.201198 0.040885
0.072603 0.557686
0.404015 0.471798
0.277723 0.469663
0.085217 0.825793
0.578293 0.030455
0.231179 0.004518
0.075800 0.276037
0.542137 0.675104
0.491193 0.095576
0.984701 0.872688
