40
0.797887 0.091198
0.384720 0.108700
0.740039 0.329108
0.717392 0.378065
0.615699 0.090518
0.129543 0.166886
0.824559 0.038937
0.352902 0.953019
0.921276 0.531858
0.779552 0.562354
0.350792 0.840471
0.351077 0.249703
0.903638 0.168312
0.537814 0.375764
0.909219 0.295775
0.318553 0.707105
0.386973 0.703272
0.815805 0.127011
0.032380 0.533198
0.505076 0.648079
0.623716 0.634619
0.814965 0.448275
0.673556 0.167867
0.401294 0.594833
0.699725 0.180846
0.157187 0.050517
0.021317 0.508264
0.300221 0.924956
0.676577 0.838035
0.300720 0.585795
0.133809 0.619272
0.292901 0.520782
0.322544 0.108706
0.647793 0.354924
0.641904 0.152870
0.003003 0.265620
0.787489 0.817968
0.713895 0.461045
0.985836 0.115190
0.055878 0.685561
