40
0.593157 0.887049
0.563843 0.315392
0.423539 0.508518
0.313850 0.287543
0.956632 0.891480
0.168444 0.648893
0.426919 0.954689
0.823270 0.718458
0.334945 0.759982
0.909992 0.854691
0.530714 0.754389
0.111794 0.864828
0.818811 0.117684
0.186229 0.691297
0.767776 0.716214
0.806351 0.360933
0.603264 0.370194
0.676325 0.026802
0.878712 0.990174
0.314345 0.835343
0.881654 0.482789
0.484236 0.308573
0.437479 0.307507
0.027031 0.772423
0.067489 0.937023
0.627114 0.598203
0.691412 0.738908
0.463031 0.510222
0.856592 0.649260
0.201519 0.624368
0.365474 0.007871
0.985301 0.968738
0.378065 0.661626
0.995540 0.256777
0.651800 0.309885
0.092120 0.533454
0.792675 0.576357
0.842027 0.230153
0.883864 0.869058
0.002576 0.951353
