8 16 0 13 6 11 4 23 18 7 21 10 19 15 12 2 20 5 3 14 17 22 9 1 24 
5 9 18 17 19 14 11 22 4 3 6 12 0 1 16 20 23 10 2 15 21 7 24 13 8 
5 17 13 1 18 0 3 23 19 6 8 22 16 2 10 12 24 11 20 4 7 15 9 21 14 
7 11 4 19 6 13 5 12 21 23 10 16 2 14 22 1 9 24 0 17 8 20 15 3 18 
23 1 2 24 8 11 0 13 10 22 5 6 7 3 9 14 18 12 4 20 16 21 17 19 15 
10 22 23 1 13 5 2 17 15 11 8 24 0 6 9 20 4 16 18 7 21 19 14 3 12 
21 8 3 23 7 2 1 0 10 9 16 4 19 11 20 14 12 22 17 6 18 13 15 5 24 
0 19 6 17 16 5 12 23 4 1 2 22 3 10 11 7 13 9 21 18 15 24 20 8 14 
11 13 0 3 16 2 9 5 14 24 22 12 23 21 18 20 7 10 17 4 19 6 1 15 8 
15 9 2 24 8 3 14 11 1 12 4 23 21 22 0 6 19 7 5 10 20 16 17 18 13 
15 20 5 8 3 23 21 2 7 22 6 4 16 12 0 9 17 24 14 10 18 13 19 1 11 
13 11 7 16 5 6 10 22 12 8 1 21 23 0 9 3 4 20 19 18 14 2 15 24 17 
10 8 9 1 19 13 0 4 16 3 15 7 17 20 14 6 18 23 2 21 5 22 12 24 11 
22 3 10 4 13 7 20 18 0 12 23 2 9 21 8 5 16 15 17 19 11 24 14 6 1 
1 11 14 16 3 18 2 7 19 21 5 24 23 4 9 13 0 22 20 6 8 17 10 15 12 
18 7 9 6 8 2 12 19 17 23 10 15 11 24 3 20 0 14 22 13 5 16 21 1 4 
5 21 1 2 4 9 20 13 23 11 18 15 24 12 19 10 22 6 3 14 0 16 7 17 8 
12 6 17 21 3 11 23 5 15 10 16 7 8 4 13 14 19 24 2 0 18 1 9 20 22 
10 12 3 13 14 11 1 8 4 17 19 16 7 5 20 15 9 24 21 2 18 0 23 6 22 
18 11 22 1 4 7 2 3 13 14 17 10 12 24 5 9 6 0 19 23 21 16 8 15 20 
8 24 14 19 15 5 18 7 1 3 16 10 11 4 22 20 12 17 2 13 21 9 23 0 6 
10 20 23 8 24 16 3 5 9 0 6 17 4 7 1 18 13 19 21 15 11 14 2 12 22 
23 18 9 21 3 2 5 20 7 14 6 22 1 13 19 12 17 0 4 16 11 10 24 8 15 
14 5 9 7 4 1 8 19 22 11 6 13 17 2 16 12 24 21 15 3 20 0 23 18 10 
8 0 19 2 20 10 6 24 14 3 12 4 1 9 5 7 11 15 23 22 16 13 17 21 18 
13 10 1 12 8 6 19 14 2 3 0 23 15 9 5 24 21 4 18 22 7 17 11 20 16 
11 8 9 24 2 14 23 18 4 0 6 16 7 13 19 21 3 15 1 10 22 17 20 12 5 
16 23 12 18 8 4 7 20 3 24 15 13 14 9 19 11 1 6 0 21 5 2 10 17 22 
1 8 11 7 23 18 10 15 9 5 14 20 13 4 3 16 0 12 6 17 21 24 22 2 19 
7 13 4 2 21 6 1 19 9 16 22 8 0 18 20 14 5 23 12 11 10 24 15 3 17 
8 12 14 23 22 19 11 4 5 16 7 20 1 3 24 2 10 6 0 17 15 21 18 9 13 
5 14 3 18 9 20 17 6 11 12 15 22 1 4 24 8 10 7 2 21 0 16 13 23 19 
0 6 3 24 7 5 9 2 16 23 15 20 13 11 4 17 14 12 18 8 1 10 21 22 19 
16 11 14 9 23 24 17 6 13 8 5 1 4 22 3 21 2 20 0 15 18 10 12 7 19 
9 0 2 7 22 13 19 12 24 3 8 1 21 15 17 16 20 4 11 23 10 18 5 6 14 
2 10 8 21 7 24 13 16 17 3 9 6 19 22 20 0 15 23 4 1 5 12 11 18 14 
7 8 0 6 19 10 14 13 18 4 12 22 3 17 11 5 15 2 23 24 16 1 20 9 21 
9 3 8 17 21 5 14 7 19 12 1 16 13 20 18 15 4 22 6 0 23 10 2 11 24 
3 10 13 0 23 11 16 14 18 22 7 15 4 5 1 21 17 12 9 2 8 6 20 24 19 
5 0 22 8 7 11 3 1 24 14 21 12 20 18 17 2 10 15 13 19 23 6 16 4 9 
0 16 9 13 7 2 12 15 22 21 20 6 1 3 17 18 19 24 14 10 11 8 5 4 23 
10 15 5 11 13 3 21 2 16 7 8 19 17 4 14 6 20 0 22 1 18 9 23 24 12 
16 15 17 0 13 2 22 9 8 7 21 4 14 3 18 12 1 20 5 11 6 23 10 19 24 
5 18 6 15 2 21 12 13 22 9 8 14 3 1 4 10 24 16 7 17 20 23 11 19 0 
19 2 22 9 5 1 12 0 24 14 11 10 3 18 15 7 8 4 6 23 20 16 17 21 13 
10 3 24 18 0 21 7 19 17 4 6 8 20 9 22 5 13 1 12 11 23 2 15 14 16 
0 13 21 2 8 1 10 6 3 14 22 12 11 7 18 16 4 23 9 5 24 20 19 15 17 
12 15 9 7 4 22 20 2 3 21 19 8 13 17 14 5 0 24 1 11 23 6 10 16 18 
3 2 13 9 8 16 4 23 14 7 6 1 10 20 24 12 17 11 21 18 0 19 5 22 15 
11 20 9 15 8 2 3 4 0 17 6 14 1 5 24 12 19 22 23 7 18 13 10 16 21 
11 5 19 8 2 0 15 16 21 1 23 6 4 12 14 13 10 24 9 18 20 7 3 17 22 
10 16 6 19 3 13 7 22 14 0 11 9 2 21 20 12 18 5 17 4 8 1 15 24 23 
1 20 10 18 6 5 7 21 8 3 15 2 4 12 14 13 19 11 9 23 17 16 24 0 22 
5 0 12 11 9 24 2 8 10 13 17 14 23 15 1 21 6 20 19 3 16 4 18 22 7 
3 21 2 13 7 10 22 19 16 8 12 9 6 1 11 17 24 20 5 4 23 15 0 14 18 
14 2 23 12 24 7 3 5 9 22 19 10 1 4 6 18 8 0 17 16 20 13 15 11 21 
10 13 6 5 3 11 22 8 17 4 7 18 0 16 1 14 12 24 20 19 21 2 15 23 9 
15 6 3 11 0 21 20 5 2 13 18 22 16 4 14 19 8 10 7 17 23 9 12 1 24 
18 2 7 4 8 14 5 13 17 23 12 3 21 20 1 15 10 16 19 24 6 11 0 9 22 
4 22 18 10 8 1 17 24 23 11 2 9 7 21 0 15 3 6 14 13 16 12 19 20 5 
12 21 0 7 8 16 17 19 14 23 1 9 15 10 24 2 20 4 6 13 11 3 5 18 22 
1 2 21 8 4 5 19 17 7 18 11 3 13 15 6 22 16 12 23 14 10 9 24 20 0 
1 23 18 13 16 11 19 17 9 24 7 20 3 8 15 5 14 10 6 21 12 0 2 4 22 
1 0 24 15 10 6 3 13 9 8 23 4 11 14 22 18 16 5 7 19 20 17 12 2 21 
13 12 1 8 6 7 21 14 10 17 20 23 18 16 5 22 11 15 9 0 3 2 24 19 4 
1 17 8 9 7 12 11 19 22 18 10 6 20 23 15 16 5 4 14 13 3 24 2 0 21 
7 22 2 10 4 1 11 18 6 9 13 12 23 21 15 16 24 0 8 14 3 19 5 17 20 
13 12 6 0 16 5 20 1 4 7 24 2 3 9 17 21 8 18 14 10 22 11 23 15 19 
10 2 22 13 12 20 15 19 9 23 0 5 8 4 18 14 24 17 16 3 7 21 11 1 6 
1 13 24 22 8 6 10 9 12 19 15 21 4 14 0 11 5 18 20 23 7 17 2 3 16 
5 13 20 24 7 2 9 17 14 4 8 18 23 3 15 10 6 21 12 19 11 16 22 1 0 
1 4 19 6 24 12 10 21 9 2 13 3 8 17 22 23 14 20 11 16 7 0 15 5 18 
1 20 4 3 5 6 11 19 13 9 16 10 8 14 12 21 23 17 15 24 0 22 7 2 18 
16 10 12 4 24 17 21 3 1 9 22 6 15 5 23 2 0 13 19 7 20 8 14 11 18 
12 15 20 7 3 6 19 11 8 18 5 1 10 23 13 24 22 2 4 16 17 14 0 21 9 
9 16 11 12 19 2 3 10 7 8 21 14 24 1 13 6 5 4 0 22 17 23 20 15 18 
5 18 14 3 10 23 0 21 19 12 17 11 15 24 9 7 13 22 2 6 20 16 4 1 8 
22 2 20 10 0 12 8 11 15 3 23 1 19 6 5 14 18 7 24 13 21 9 17 4 16 
3 11 13 20 19 22 14 7 18 0 2 6 10 4 24 16 1 9 8 15 5 23 12 21 17 
6 23 2 4 8 7 16 9 22 14 10 21 5 15 3 11 19 0 24 12 17 13 18 20 1 
5 12 8 22 18 2 10 24 3 6 14 19 7 21 1 17 13 16 9 20 11 15 0 23 4 
12 13 7 14 8 16 0 6 15 1 2 24 18 11 17 19 20 4 9 3 5 21 22 10 23 
2 11 14 13 7 17 5 6 24 16 22 9 1 3 0 8 19 18 10 4 20 15 21 23 12 
15 6 11 16 8 22 17 21 14 2 10 5 20 3 4 0 24 7 12 13 9 1 23 18 19 
8 7 11 13 9 6 24 3 2 21 16 15 0 19 14 20 1 4 18 22 23 17 10 5 12 
7 20 4 14 19 2 15 10 9 23 1 17 8 16 5 24 0 3 13 12 11 22 21 18 6 
11 6 9 16 2 15 17 20 19 14 1 5 18 10 8 13 24 0 7 4 22 21 3 12 23 
8 11 16 12 4 14 21 7 10 9 24 18 1 13 3 2 5 0 19 23 6 20 22 15 17 
21 3 11 1 0 2 9 14 5 22 13 15 12 4 6 17 10 8 24 23 16 7 20 18 19 
