6 7 12 13 3 1 5 8 15 0 4 9 10 2 14 11 
15 13 9 6 12 10 8 14 5 1 0 4 7 11 2 3 
6 7 5 1 0 14 10 15 2 8 13 3 11 12 4 9 
14 1 10 12 11 6 15 0 8 7 4 3 2 13 9 5 
0 12 2 3 8 1 15 5 6 11 10 13 7 14 4 9 
10 3 4 11 14 13 8 9 0 6 2 1 15 7 12 5 
2 1 12 5 9 4 7 3 14 10 13 15 11 6 0 8 
2 6 4 12 3 5 11 13 10 0 15 14 1 9 7 8 
13 5 7 3 9 0 6 2 10 14 8 15 12 11 1 4 
1 9 13 7 11 10 4 0 14 5 8 6 15 3 12 2 
9 11 2 4 15 6 13 14 12 7 8 10 0 3 1 5 
1 7 2 10 3 15 11 4 13 14 9 0 5 12 6 8 
15 12 11 4 9 10 0 13 2 6 14 1 7 5 3 8 
7 0 11 9 3 6 2 10 12 14 13 1 15 5 4 8 
7 14 4 0 3 9 12 5 8 6 13 11 2 1 10 15 
13 0 7 3 8 1 15 6 9 14 5 12 10 4 11 2 
0 9 13 4 3 2 15 7 6 5 8 12 1 14 10 11 
7 15 12 2 8 10 1 0 6 13 14 4 11 5 3 9 
11 5 12 9 0 13 14 15 4 8 6 10 7 1 3 2 
4 13 0 5 12 1 15 11 8 6 14 7 9 2 10 3 
1 12 15 11 13 4 7 0 9 8 3 5 2 6 10 14 
12 11 8 7 15 4 5 2 10 0 6 14 13 9 1 3 
15 11 2 7 12 4 13 3 6 1 5 8 9 0 14 10 
8 1 11 13 10 0 6 14 12 9 3 15 4 5 7 2 
7 10 3 8 12 6 14 9 11 0 5 15 4 1 2 13 
6 9 4 5 12 7 2 1 10 3 0 11 15 14 13 8 
14 10 5 0 15 4 1 7 12 9 13 11 2 3 6 8 
2 6 14 11 10 5 8 7 9 4 15 12 1 13 0 3 
3 11 12 1 4 0 10 13 2 14 8 7 15 9 6 5 
0 11 10 5 15 2 1 7 9 6 8 13 4 12 14 3 
2 3 14 1 9 0 6 10 5 7 8 11 15 4 12 13 
2 0 6 13 8 10 14 15 12 4 3 9 7 1 11 5 
6 11 9 10 0 12 4 5 3 7 14 13 8 2 1 15 
9 7 8 0 4 11 13 1 5 10 2 6 3 14 15 12 
3 5 12 9 4 14 13 1 0 11 6 8 10 2 15 7 
0 3 9 8 2 12 14 1 5 10 4 15 7 13 6 11 
10 11 4 2 15 1 14 12 13 3 6 7 0 9 8 5 
4 0 15 3 7 5 6 8 14 11 10 12 13 2 9 1 
12 9 15 4 14 11 6 2 3 1 10 13 0 7 5 8 
10 11 9 6 15 13 3 0 8 4 1 5 12 7 14 2 
8 6 5 0 1 3 11 14 7 12 2 13 15 10 9 4 
7 4 13 6 8 14 10 12 5 0 11 15 2 1 3 9 
12 11 14 2 6 10 15 5 4 8 7 3 0 9 13 1 
11 2 9 5 8 1 10 0 4 3 15 14 13 7 12 6 
6 7 12 4 15 3 2 8 0 11 10 13 14 1 5 9 
2 0 5 3 9 14 12 10 8 11 7 15 4 1 13 6 
2 6 9 14 10 12 13 4 7 3 11 8 0 15 5 1 
15 2 3 5 14 9 6 11 0 13 4 7 1 10 12 8 
1 3 15 2 0 6 13 10 5 14 4 12 7 8 9 11 
7 12 2 9 1 0 14 6 11 15 10 13 3 8 4 5 
2 7 5 12 15 6 10 1 8 13 11 0 14 3 9 4 
10 13 15 7 14 8 1 11 2 9 0 5 4 3 12 6 
12 15 10 0 2 8 1 9 13 6 14 4 11 5 3 7 
11 10 14 13 1 4 5 7 15 3 12 9 2 0 6 8 
0 12 3 4 10 15 2 7 14 11 1 8 5 6 9 13 
7 1 12 10 0 14 13 4 2 11 3 6 15 5 9 8 
14 9 2 7 3 15 6 0 11 13 1 4 8 12 10 5 
2 14 5 15 7 3 8 0 12 6 4 1 9 10 13 11 
3 11 8 9 15 6 5 12 10 4 1 7 0 13 2 14 
0 11 10 12 2 15 8 13 7 3 5 14 1 4 6 9 
3 10 1 15 0 14 9 7 8 12 2 4 5 13 11 6 
3 14 10 13 8 11 0 12 2 15 5 7 6 1 9 4 
0 1 2 12 14 15 11 10 5 6 4 9 3 8 13 7 
15 9 2 4 12 14 0 1 3 11 6 13 10 5 7 8 
13 2 1 3 10 14 15 11 5 9 12 8 6 7 4 0 
14 8 15 1 7 6 0 5 9 4 10 3 11 13 2 12 
14 0 1 10 13 7 4 11 12 8 5 6 2 3 9 15 
3 2 5 0 13 15 1 8 4 9 6 14 10 7 11 12 
5 9 12 3 0 4 13 1 11 7 14 2 8 15 6 10 
15 5 9 4 13 6 1 11 7 0 3 12 2 10 8 14 
11 8 6 12 4 14 0 15 13 1 10 3 5 9 2 7 
7 14 8 15 12 3 10 4 2 13 1 11 0 9 5 6 
12 5 8 13 3 0 4 11 2 10 14 7 15 1 9 6 
7 5 15 12 6 9 4 8 13 3 11 2 1 10 14 0 
13 14 10 7 9 6 8 4 0 1 5 2 15 11 12 3 
15 10 13 3 6 11 8 14 2 5 7 1 0 9 4 12 
8 12 14 3 5 9 13 0 6 15 1 4 2 10 11 7 
14 10 2 4 1 12 5 6 7 11 13 8 0 15 9 3 
10 8 0 12 4 15 13 6 7 11 2 9 14 3 5 1 
8 6 13 15 7 14 3 9 5 2 4 12 11 0 1 10 
5 7 0 13 11 10 14 15 12 1 3 4 8 2 9 6 
0 9 5 7 8 11 1 6 4 10 14 12 15 13 2 3 
8 14 10 6 13 7 1 2 9 11 5 0 15 3 12 4 
7 4 8 14 12 11 10 5 6 15 1 2 3 13 0 9 
14 13 11 12 9 10 4 8 1 15 5 3 7 6 0 2 
11 12 1 0 14 9 4 5 15 3 13 6 8 10 7 2 
5 14 9 15 8 1 11 7 2 10 3 12 6 0 13 4 
0 2 15 9 13 12 11 10 8 7 3 5 1 14 6 4 
12 5 7 14 6 2 11 8 15 10 0 1 9 4 13 3 
13 14 2 6 15 11 4 0 10 12 5 3 8 9 7 1 
15 11 6 2 10 0 5 13 14 1 8 7 4 9 3 12 
13 10 8 12 14 1 6 2 4 5 11 0 9 3 15 7 
7 0 1 14 15 3 11 9 8 4 6 12 13 5 10 2 
6 10 14 5 11 1 8 13 7 0 9 12 3 2 15 4 
4 7 12 0 14 13 10 5 11 2 8 3 1 6 15 9 
11 3 13 8 7 0 6 4 15 1 9 10 12 2 14 5 
8 7 2 0 9 14 15 5 13 3 1 6 11 10 4 12 
9 15 12 14 2 10 11 5 8 1 7 0 6 13 3 4 
5 4 14 0 7 15 10 8 9 2 13 6 1 3 11 12 
14 2 5 15 13 0 3 1 8 9 11 6 4 12 10 7 
