2 6 1 9 10 14 0 15 11 8 13 7 4 5 12 3 
15 10 6 7 11 1 13 0 8 12 3 14 2 5 9 4 
2 14 7 3 11 10 6 12 5 0 4 13 15 9 8 1 
15 6 4 13 2 9 8 11 7 0 5 10 1 12 14 3 
15 1 0 4 5 14 6 13 10 12 11 8 9 2 3 7 
14 8 12 2 13 3 9 1 15 6 11 5 0 7 10 4 
7 13 12 8 0 5 2 6 1 9 15 3 11 14 10 4 
10 15 0 4 14 3 11 9 8 7 12 13 6 5 2 1 
15 12 10 4 8 6 11 9 1 5 0 3 2 13 7 14 
7 13 1 11 14 8 5 3 9 0 10 12 2 4 6 15 
12 10 13 0 4 6 11 3 15 7 8 14 9 5 1 2 
7 0 10 4 3 11 15 5 13 8 14 12 6 2 9 1 
0 14 10 8 13 11 15 7 1 4 12 3 5 9 6 2 
11 10 7 0 8 14 12 5 9 4 3 1 6 15 2 13 
10 14 3 9 11 7 4 12 15 13 2 6 8 0 1 5 
9 14 15 7 11 6 12 10 8 5 4 0 2 3 1 13 
7 8 0 2 9 15 1 13 10 11 6 5 14 4 3 12 
15 12 13 11 4 9 3 6 1 5 7 0 8 14 2 10 
6 12 0 13 15 5 9 11 3 7 10 2 14 1 4 8 
13 6 12 4 9 3 8 5 11 2 14 15 7 0 10 1 
2 4 14 13 7 10 9 11 0 12 8 3 15 6 5 1 
3 0 8 6 14 2 5 1 13 15 12 10 4 7 11 9 
7 13 5 1 12 10 14 2 0 3 15 11 8 9 6 4 
7 0 9 15 10 6 11 4 5 12 14 8 13 1 2 3 
11 7 3 12 1 15 6 8 10 5 9 2 14 4 13 0 
13 6 12 9 14 8 10 4 5 1 3 15 7 0 11 2 
11 15 2 14 7 4 0 6 10 13 9 5 1 8 3 12 
15 1 0 9 5 4 11 10 14 2 12 3 7 6 13 8 
3 15 4 9 12 0 6 11 8 5 10 2 14 1 7 13 
1 6 4 8 12 11 15 10 2 14 9 7 5 3 0 13 
7 8 15 1 11 5 13 4 14 0 3 10 12 2 6 9 
8 5 13 12 6 15 11 2 3 4 9 14 10 7 1 0 
12 15 7 6 10 4 13 9 2 5 8 11 1 14 3 0 
2 11 9 1 7 12 4 8 5 6 14 13 3 15 10 0 
8 6 1 14 5 7 13 10 9 15 2 12 3 11 0 4 
4 15 12 0 6 9 8 2 11 10 13 7 3 1 14 5 
11 10 7 8 12 13 15 4 0 3 1 14 5 2 9 6 
13 10 9 14 5 12 4 6 7 15 2 8 3 0 1 11 
13 15 3 0 2 12 14 7 11 6 8 10 5 4 1 9 
7 2 6 4 13 15 10 14 8 0 11 3 1 5 9 12 
12 1 0 11 14 13 10 6 4 8 15 9 5 7 2 3 
7 1 15 3 13 12 9 8 5 0 6 10 14 2 4 11 
13 15 2 6 11 12 5 3 0 14 7 8 9 10 1 4 
11 15 1 4 9 0 13 12 5 6 3 14 7 2 10 8 
3 2 14 15 10 7 13 5 11 1 4 9 8 0 12 6 
11 7 1 13 10 4 6 0 14 3 15 12 8 5 9 2 
15 2 11 8 13 12 6 4 1 10 0 7 9 3 14 5 
8 14 15 3 7 5 10 1 4 12 0 13 11 2 6 9 
10 14 3 2 15 7 1 0 12 13 11 5 9 4 6 8 
8 5 10 13 7 9 6 14 15 11 4 2 12 1 3 0 
12 3 10 6 9 15 8 4 1 0 5 11 7 2 14 13 
13 14 1 12 4 3 8 15 0 9 6 5 2 10 7 11 
0 3 8 1 6 14 12 9 13 7 11 10 5 2 15 4 
3 5 13 4 2 8 10 12 7 1 0 15 14 9 6 11 
1 4 12 2 3 0 6 14 5 7 8 11 15 10 9 13 
0 11 9 13 15 2 3 5 8 6 7 14 12 10 1 4 
13 0 14 11 4 10 5 15 3 12 6 8 9 1 2 7 
6 13 7 2 0 11 14 12 15 3 9 1 10 4 5 8 
11 14 2 3 7 0 12 5 10 6 4 15 8 13 9 1 
1 13 14 0 11 7 10 8 12 2 9 5 4 15 6 3 
2 1 4 12 9 11 5 6 3 8 14 0 13 10 7 15 
12 2 4 14 15 9 3 0 7 11 8 13 5 1 6 10 
15 13 0 4 9 11 5 14 7 2 1 10 6 8 12 3 
10 14 11 7 2 12 3 1 0 9 13 15 6 8 5 4 
15 10 11 8 5 2 4 7 12 0 9 6 14 1 13 3 
12 11 3 10 4 6 5 13 9 14 15 2 8 7 1 0 
12 13 7 5 10 4 2 11 0 6 15 9 14 8 3 1 
3 6 13 8 10 9 0 14 5 15 11 4 7 1 12 2 
13 15 14 9 0 7 5 11 10 2 4 12 3 6 1 8 
14 9 12 6 3 8 13 4 2 11 0 7 15 5 10 1 
2 5 9 7 15 0 6 12 10 14 1 11 8 13 4 3 
5 6 8 4 15 2 11 9 0 10 12 13 3 14 7 1 
14 8 13 10 6 7 15 12 4 9 11 1 2 3 0 5 
2 7 3 6 0 9 5 13 10 4 14 1 15 11 12 8 
3 10 8 0 11 12 4 15 9 13 6 1 14 5 7 2 
14 12 6 8 5 0 10 4 1 15 2 7 3 11 13 9 
7 0 10 13 11 3 2 8 9 4 15 1 14 6 12 5 
12 6 8 13 3 1 7 2 9 11 5 0 10 15 14 4 
8 15 7 4 6 14 12 5 11 10 0 9 3 13 1 2 
10 11 7 6 4 9 3 5 15 13 14 8 1 2 0 12 
10 7 3 12 13 11 14 1 15 2 5 9 8 0 4 6 
10 13 0 7 14 5 12 15 1 8 9 4 11 2 6 3 
12 10 0 11 14 7 9 8 15 13 3 1 4 5 6 2 
10 7 4 12 3 1 15 13 5 8 9 2 11 14 0 6 
10 6 9 1 3 7 5 12 0 2 14 8 4 15 11 13 
0 14 5 13 11 15 9 1 3 10 8 12 6 2 4 7 
8 12 5 0 15 14 6 2 3 10 4 7 1 11 13 9 
13 0 3 2 4 1 6 11 10 14 5 9 15 7 8 12 
13 2 1 12 0 9 10 15 5 7 6 14 8 11 3 4 
15 4 0 14 3 9 12 1 2 11 10 13 8 6 5 7 
9 13 0 14 6 8 12 7 15 4 5 3 10 2 1 11 
15 10 7 11 4 13 12 3 1 5 6 2 0 14 8 9 
14 0 2 9 6 10 8 11 5 15 7 1 4 3 12 13 
2 6 8 12 4 3 9 1 5 13 15 14 7 0 11 10 
15 6 8 5 12 11 0 10 13 4 9 14 3 2 7 1 
15 8 11 9 3 14 10 7 0 2 1 4 5 6 12 13 
14 2 3 1 6 15 9 12 0 11 5 7 13 10 4 8 
12 10 11 2 7 15 4 3 8 1 9 0 14 13 6 5 
3 2 15 14 13 11 5 7 12 8 0 6 10 4 1 9 
2 13 1 12 4 5 10 15 9 0 11 8 6 7 3 14 
