4 1 2 3 5 6 10 7 8 9 15 14 12 13 0 11 
4 1 6 2 8 5 0 3 13 12 10 7 9 14 15 11 
1 5 2 3 0 4 6 7 8 9 10 11 12 13 14 15 
4 2 0 3 8 1 6 7 12 9 15 10 5 13 14 11 
1 5 2 3 4 10 7 0 8 12 6 15 9 13 11 14 
4 1 2 3 8 5 10 6 12 9 0 7 13 14 15 11 
1 2 6 7 0 4 3 11 8 10 5 15 12 9 13 14 
4 1 2 3 5 9 6 7 0 8 11 15 12 10 13 14 
8 1 2 7 0 5 3 4 12 10 6 11 13 9 14 15 
1 0 5 6 4 9 3 2 8 10 14 7 12 13 15 11 
1 6 3 7 8 2 0 11 13 4 5 10 9 12 14 15 
8 4 1 3 12 5 0 2 13 9 11 7 14 10 6 15 
4 6 2 3 8 5 1 11 0 12 10 15 13 9 7 14 
1 5 3 7 4 2 10 11 8 6 13 15 12 9 14 0 
5 6 4 3 8 0 2 10 9 1 14 7 12 13 15 11 
1 9 2 0 4 11 5 3 8 10 14 6 12 13 15 7 
1 2 3 7 4 0 6 11 8 5 9 10 12 13 14 15 
9 13 3 0 1 2 5 6 4 14 10 7 8 12 15 11 
4 1 3 7 8 5 2 0 9 13 6 11 12 14 10 15 
1 5 3 6 4 9 7 0 12 10 2 11 13 8 14 15 
4 2 7 0 5 1 3 6 8 9 10 11 12 13 14 15 
1 0 3 6 4 2 10 7 8 9 5 11 12 13 14 15 
0 4 3 6 8 1 2 7 9 5 10 11 12 13 14 15 
4 6 1 3 5 0 10 7 13 2 9 15 8 12 11 14 
4 6 1 3 2 8 7 0 5 9 10 11 12 13 14 15 
4 1 0 2 8 5 6 3 14 12 13 7 9 10 15 11 
4 1 3 7 5 10 2 0 12 6 9 11 13 8 14 15 
1 5 6 3 8 2 4 10 12 9 11 7 0 13 14 15 
1 3 2 7 8 4 5 11 6 0 9 10 12 13 14 15 
0 8 2 3 9 4 6 7 12 1 10 14 13 5 15 11 
4 1 3 11 8 5 6 2 9 7 14 10 12 13 15 0 
1 5 2 3 4 6 7 13 9 11 10 15 8 12 14 0 
9 1 2 3 5 10 8 7 4 0 6 11 12 13 14 15 
4 1 2 3 12 5 10 7 6 8 0 11 13 14 9 15 
1 5 2 3 4 9 6 7 8 14 13 11 12 0 10 15 
4 1 2 3 5 6 10 7 8 9 15 14 12 13 0 11 
4 2 10 3 8 6 1 7 0 9 11 15 12 5 13 14 
1 5 6 2 4 9 3 7 8 13 10 11 12 14 15 0 
6 1 7 11 5 2 3 15 0 8 13 10 4 12 9 14 
0 1 2 3 4 5 6 7 8 12 9 11 13 14 10 15 
0 1 2 7 4 6 3 11 8 5 9 10 12 13 14 15 
0 4 2 3 8 1 6 7 9 5 15 10 12 13 14 11 
4 1 2 3 8 6 7 0 9 5 10 11 12 13 14 15 
5 4 1 3 12 10 2 9 8 11 6 7 13 14 0 15 
0 4 3 11 5 1 10 7 2 8 9 6 12 13 14 15 
1 5 3 10 4 6 2 0 8 9 11 7 12 13 14 15 
8 0 5 3 4 1 2 7 12 6 14 11 10 13 9 15 
5 6 2 3 8 1 10 7 13 0 4 11 9 12 14 15 
0 2 6 3 9 10 1 7 4 13 8 11 5 12 14 15 
8 4 7 2 1 5 3 11 12 10 6 15 13 9 0 14 
5 2 3 7 1 4 6 11 0 9 10 15 8 12 13 14 
5 2 4 3 0 9 1 11 6 13 7 10 8 12 14 15 
2 10 7 8 1 6 0 15 5 4 3 9 12 13 11 14 
4 1 2 3 0 8 5 7 9 14 6 13 12 10 15 11 
9 6 0 3 4 2 1 7 10 5 11 15 8 12 13 14 
1 5 2 3 0 9 6 7 4 8 11 15 12 10 13 14 
0 1 2 3 4 6 10 7 5 8 14 11 12 9 13 15 
4 1 5 2 9 12 6 3 0 15 13 7 14 8 11 10 
1 6 0 5 8 4 2 3 12 9 11 7 13 14 10 15 
1 5 2 3 4 9 6 7 8 13 10 11 12 0 14 15 
4 3 7 10 8 6 2 15 9 1 11 5 12 13 0 14 
1 2 3 7 4 5 11 15 12 10 6 14 9 8 13 0 
2 6 3 7 5 1 10 8 12 4 11 0 13 9 14 15 
1 5 3 7 8 10 2 11 9 4 13 15 12 6 14 0 
4 0 3 7 6 1 2 11 5 8 9 10 12 13 14 15 
4 1 2 3 0 6 11 7 8 15 9 10 12 13 5 14 
5 1 6 3 2 12 10 7 4 8 9 11 13 0 14 15 
4 2 6 3 5 1 0 7 8 13 10 11 9 12 14 15 
1 5 2 3 4 12 6 7 8 13 0 11 14 9 10 15 
1 5 2 3 9 6 7 11 4 13 14 10 8 12 15 0 
1 5 3 7 0 14 9 2 13 4 6 11 8 12 10 15 
5 1 4 3 8 10 2 11 12 9 7 6 13 0 14 15 
1 5 2 3 8 4 6 7 13 12 10 11 9 14 0 15 
1 2 3 7 14 5 4 0 8 13 6 11 9 10 12 15 
4 2 3 0 8 1 5 7 9 10 6 11 12 13 14 15 
1 5 2 3 9 8 7 11 4 10 15 0 12 13 6 14 
1 6 5 3 8 13 4 7 9 2 0 11 12 14 10 15 
8 2 5 3 1 4 7 11 9 14 15 0 12 10 6 13 
2 6 3 11 1 5 7 0 4 12 14 10 9 8 13 15 
0 5 2 3 1 8 4 7 9 10 6 11 12 13 14 15 
4 1 2 3 5 6 9 10 8 13 0 7 12 14 15 11 
4 2 10 3 8 1 0 7 9 15 5 11 12 6 14 13 
8 5 2 3 0 4 6 7 12 14 15 10 13 1 9 11 
5 4 2 3 8 1 0 7 9 10 6 11 12 13 14 15 
1 5 2 6 9 7 10 3 4 14 13 11 12 8 0 15 
8 4 1 3 10 9 2 7 0 5 6 11 12 13 14 15 
4 1 7 2 8 10 5 3 9 13 6 11 12 0 14 15 
1 5 0 2 8 4 6 3 13 11 7 10 9 12 14 15 
4 6 1 2 5 9 7 3 12 8 10 11 0 13 14 15 
4 1 2 6 12 8 7 3 5 10 0 11 13 9 14 15 
1 2 3 7 4 5 11 10 8 9 14 6 12 13 15 0 
4 2 3 0 5 1 6 7 8 9 10 11 12 13 14 15 
1 2 3 7 14 6 5 11 8 0 4 9 12 13 10 15 
1 2 6 3 5 10 7 11 12 0 9 14 4 8 13 15 
1 5 2 3 9 6 8 7 10 13 4 11 12 0 14 15 
5 4 2 3 1 6 10 7 8 9 11 0 12 13 14 15 
5 4 2 3 1 9 6 7 13 12 15 0 8 11 10 14 
4 2 3 7 5 1 10 6 12 14 0 11 9 8 13 15 
6 9 5 2 0 1 7 3 4 8 10 11 12 13 14 15 
1 5 7 2 0 10 9 3 4 8 6 14 12 13 15 11 
