100
0.246120 0.240232
0.868811 0.014222
0.994237 0.332072
0.585634 0.932353
0.304952 0.726829
0.750676 0.152858
0.824436 0.263293
0.952001 0.641192
0.605494 0.905924
0.630718 0.705837
0.813331 0.430023
0.393085 0.825599
0.860696 0.260107
0.452476 0.830112
0.521130 0.751530
0.517705 0.767250
0.991762 0.386516
0.781472 0.985998
0.718588 0.367107
0.918351 0.023540
0.093935 0.669027
0.176399 0.918371
0.932320 0.128399
0.559563 0.537814
0.034323 0.190281
0.243651 0.847654
0.620304 0.636736
0.673253 0.481000
0.896843 0.125728
0.311112 0.417973
0.877258 0.828817
0.185223 0.869020
0.215333 0.966695
0.855018 0.933921
0.333802 0.773369
0.957461 0.427737
0.442396 0.133860
0.346108 0.374716
0.262259 0.905671
0.912530 0.296582
0.095952 0.156181
0.144236 0.716256
0.792917 0.817489
0.197256 0.689760
0.943217 0.508368
0.107733 0.820475
0.337184 0.292956
0.689495 0.552517
0.259652 0.544513
0.486437 0.593453
0.317882 0.443899
0.021190 0.760278
0.577758 0.367298
0.134994 0.840017
0.272969 0.047524
0.136599 0.368921
0.203705 0.280835
0.085177 0.996622
0.098324 0.282433
0.686383 0.041541
0.790801 0.794116
0.862016 0.127986
0.087072 0.551512
0.680502 0.346724
0.096025 0.166940
0.940177 0.413908
0.610839 0.961368
0.174186 0.188597
0.328666 0.309180
0.028614 0.601635
0.356704 0.165213
0.970557 0.560409
0.446048 0.055734
0.557032 0.544372
0.338168 0.243415
0.585913 0.128969
0.037531 0.447930
0.256955 0.124603
0.999442 0.937457
0.471327 0.095467
0.104397 0.411505
0.509375 0.715236
0.372872 0.683561
0.903832 0.701538
0.992741 0.932447
0.303173 0.349445
0.097660 0.273730
0.909855 0.543708
0.329464 0.466886
0.088081 0.667632
0.710301 0.673994
0.796601 0.747832
0.121924 0.053556
0.872435 0.121366
0.991013 0.343762
0.216833 0.095410
0.755267 0.726208
0.810646 0.128139
0.409769 0.714478
0.829677 0.402510
