100
0.362286 0.685129
0.452698 0.258425
0.212298 0.799181
0.388704 0.728384
0.958452 0.027114
0.663861 0.480389
0.906044 0.043758
0.393334 0.200736
0.175431 0.505491
0.239479 0.657664
0.096651 0.986769
0.916918 0.844632
0.100644 0.210564
0.468937 0.527924
0.800678 0.388552
0.562952 0.162964
0.073681 0.015650
0.421389 0.285980
0.814831 0.810093
0.014363 0.773283
0.837207 0.678224
0.253672 0.743251
0.721981 0.647006
0.943987 0.897413
0.152497 0.183466
0.555077 0.249147
0.170235 0.471995
0.093779 0.270879
0.682559 0.562716
0.798803 0.483238
0.951268 0.361756
0.646202 0.024949
0.377405 0.067591
0.310928 0.192237
0.877684 0.325291
0.965520 0.714890
0.003515 0.219191
0.458141 0.725497
0.866198 0.402128
0.622909 0.018694
0.585594 0.177986
0.267842 0.755829
0.649982 0.361621
0.026708 0.332541
0.924336 0.825511
0.815779 0.875604
0.187267 0.461980
0.900553 0.564672
0.529571 0.211481
0.756909 0.407255
0.536772 0.722428
0.122145 0.540288
0.941620 0.580287
0.265784 0.807818
0.982415 0.888694
0.826512 0.568009
0.066680 0.094354
0.323837 0.716661
0.455975 0.350545
0.049202 0.380311
0.176057 0.864981
0.255915 0.363324
0.326961 0.156468
0.927996 0.856533
0.367949 0.684905
0.263788 0.904721
0.407333 0.385933
0.445009 0.348953
0.966220 0.710793
0.156771 0.948635
0.599487 0.983283
0.516643 0.666166
0.077636 0.840481
0.382828 0.533611
0.191026 0.432030
0.913922 0.367083
0.297011 0.169837
0.730407 0.623973
0.326305 0.658403
0.480505 0.694254
0.343307 0.744293
0.598975 0.750641
0.130226 0.043984
0.099594 0.096445
0.754777 0.256364
0.045080 0.354264
0.239647 0.561723
0.020430 0.317283
0.402204 0.403258
0.850894 0.593230
0.835288 0.764816
0.960313 0.132299
0.934653 0.690719
0.756272 0.260958
0.349122 0.236778
0.955212 0.692429
0.981071 0.554187
0.443070 0.111297
0.598171 0.542663
0.207742 0.352948
