100
0.245341 0.840249
0.109124 0.009964
0.939733 0.400137
0.887294 0.248597
0.143894 0.998548
0.805346 0.120381
0.571669 0.667905
0.594346 0.220761
0.224753 0.133138
0.716867 0.541011
0.511239 0.306673
0.347333 0.512006
0.808925 0.748639
0.753649 0.426494
0.593740 0.654217
0.160134 0.839081
0.494466 0.269258
0.849045 0.434199
0.669396 0.736339
0.682796 0.813289
0.734888 0.488142
0.933671 0.306557
0.156047 0.528017
0.527318 0.380800
0.661155 0.244185
0.921811 0.172394
0.550858 0.269144
0.684400 0.359783
0.017783 0.438048
0.786276 0.611523
0.092266 0.946410
0.450604 0.586732
0.215669 0.299650
0.020931 0.885065
0.035989 0.703727
0.698354 0.770877
0.191870 0.632025
0.077434 0.347916
0.160042 0.604752
0.728716 0.821197
0.848937 0.650527
0.993591 0.399796
0.919671 0.677990
0.759578 0.937453
0.116038 0.545855
0.548977 0.208304
0.492265 0.999581
0.795036 0.707934
0.299231 0.815967
0.592998 0.335220
0.519694 0.291353
0.106096 0.711563
0.923377 0.183530
0.059480 0.083419
0.788282 0.788196
0.904616 0.637219
0.438722 0.898206
0.037015 0.358393
0.576197 0.796593
0.295846 0.692235
0.342448 0.844823
0.900539 0.834713
0.844404 0.695575
0.542646 0.143635
0.511541 0.135645
0.478854 0.031235
0.426997 0.584950
0.742798 0.350375
0.768480 0.802278
0.433794 0.556762
0.590474 0.338410
0.193981 0.029196
0.236616 0.230995
0.387589 0.812812
0.027588 0.683435
0.505047 0.370036
0.528258 0.405586
0.204748 0.372662
0.101161 0.747395
0.516297 0.612702
0.883039 0.995151
0.643937 0.310037
0.580101 0.386735
0.660411 0.348581
0.189013 0.094205
0.905343 0.779487
0.432615 0.099323
0.808683 0.669231
0.330318 0.196272
0.482043 0.357906
0.879707 0.987090
0.727942 0.407965
0.392676 0.932691
0.780627 0.493837
0.680085 0.296924
0.106539 0.563125
0.292074 0.750476
0.873162 0.872175
0.137211 0.533573
0.220756 0.326224
