100
0.309303 0.078853
0.474588 0.893127
0.610037 0.146180
0.159804 0.082248
0.494645 0.182483
0.497315 0.089325
0.408345 0.085648
0.970564 0.344082
0.014453 0.481678
0.200691 0.778416
0.317760 0.656007
0.792358 0.146520
0.849999 0.806121
0.309438 0.048211
0.163689 0.383342
0.240453 0.472992
0.462196 0.715041
0.366119 0.072232
0.861221 0.525923
0.154481 0.355867
0.708406 0.651795
0.445192 0.116751
0.737443 0.415756
0.460833 0.751896
0.897434 0.661524
0.530312 0.215195
0.317531 0.322670
0.361714 0.167531
0.128791 0.671153
0.215741 0.292479
0.054495 0.456194
0.765471 0.516690
0.171235 0.131590
0.588923 0.032456
0.657513 0.743403
0.388323 0.365918
0.395199 0.833515
0.482669 0.132641
0.249271 0.943503
0.884537 0.146705
0.605027 0.414849
0.361900 0.922558
0.737519 0.723614
0.090089 0.866309
0.394767 0.305830
0.158789 0.449261
0.762024 0.924260
0.965952 0.933259
0.055850 0.554874
0.965716 0.713363
0.298278 0.354038
0.079281 0.693476
0.187553 0.561950
0.826117 0.436824
0.505453 0.710655
0.583529 0.110480
0.125504 0.945429
0.033038 0.863022
0.669043 0.123127
0.729332 0.063810
0.428958 0.888120
0.513071 0.190982
0.812380 0.479023
0.124242 0.868230
0.033897 0.089957
0.581593 0.332175
0.443996 0.660874
0.025651 0.631549
0.222824 0.851769
0.068373 0.728277
0.562423 0.651901
0.838757 0.687927
0.597330 0.871795
0.550949 0.266373
0.994923 0.280281
0.330183 0.423880
0.168401 0.843254
0.614862 0.980782
0.322277 0.739104
0.849012 0.356174
0.829061 0.430605
0.688349 0.273057
0.091479 0.714001
0.904605 0.314303
0.565769 0.972978
0.042580 0.128193
0.624879 0.881337
0.816120 0.222209
0.753132 0.367069
0.488583 0.748054
0.647350 0.818765
0.171935 0.815752
0.662019 0.786797
0.796534 0.984296
0.525901 0.645546
0.340470 0.354962
0.076151 0.028819
0.628018 0.167630
0.742820 0.532624
0.481933 0.308589
