100
0.357131 0.271222
0.718870 0.570488
0.219172 0.808980
0.112323 0.483014
0.615194 0.888388
0.351044 0.696547
0.155702 0.319790
0.561625 0.129174
0.457870 0.425018
0.687442 0.913432
0.104058 0.253620
0.933301 0.311708
0.970797 0.694207
0.670587 0.090198
0.514122 0.481306
0.113308 0.871253
0.752529 0.832178
0.441741 0.971701
0.641157 0.554064
0.454715 0.256352
0.442452 0.805759
0.952898 0.598154
0.125549 0.514523
0.727328 0.583419
0.939542 0.414770
0.496851 0.043599
0.668390 0.430152
0.355307 0.639187
0.124359 0.025895
0.729385 0.638481
0.507201 0.842693
0.509734 0.259730
0.674871 0.951475
0.231430 0.316028
0.505539 0.686145
0.572380 0.947991
0.491904 0.525278
0.546145 0.617453
0.039802 0.273473
0.200873 0.979344
0.688244 0.697724
0.022943 0.356634
0.127876 0.378250
0.995821 0.252235
0.404145 0.725206
0.890716 0.911346
0.567899 0.400450
0.171075 0.242770
0.351925 0.402506
0.558799 0.857464
0.088651 0.131179
0.805456 0.580555
0.656457 0.351601
0.198008 0.696259
0.625075 0.398881
0.675602 0.313318
0.096605 0.698545
0.669952 0.224482
0.076796 0.665772
0.476717 0.480941
0.390978 0.367433
0.392286 0.958877
0.767883 0.563362
0.201648 0.119809
0.965867 0.760446
0.977273 0.054518
0.891625 0.782729
0.635073 0.548082
0.134330 0.833082
0.244340 0.759404
0.231963 0.919943
0.072723 0.328569
0.618488 0.742674
0.553050 0.695284
0.408446 0.029768
0.176224 0.799425
0.397201 0.568511
0.758302 0.165085
0.131873 0.959950
0.284893 0.097740
0.720396 0.262166
0.152258 0.612020
0.044895 0.787332
0.160102 0.179225
0.620413 0.404443
0.938629 0.852377
0.324385 0.011352
0.180945 0.942874
0.754026 0.733995
0.638157 0.162473
0.763763 0.814382
0.961897 0.160964
0.382893 0.720199
0.326049 0.514765
0.680149 0.610942
0.612505 0.400544
0.873108 0.764764
0.012565 0.918004
0.552095 0.172667
0.097229 0.172508
