100
0.548432 0.625479
0.615811 0.574145
0.158433 0.519506
0.355206 0.115010
0.620244 0.508278
0.435399 0.022017
0.780097 0.267093
0.566448 0.859813
0.040296 0.679713
0.913110 0.252655
0.176001 0.434057
0.156061 0.729373
0.537116 0.710770
0.355875 0.037041
0.094255 0.333832
0.066661 0.642687
0.959311 0.682472
0.216832 0.117745
0.201977 0.572038
0.232755 0.822222
0.080316 0.668154
0.844239 0.860413
0.935247 0.410687
0.720226 0.975543
0.090400 0.633336
0.228198 0.266401
0.067393 0.384258
0.995774 0.604509
0.095028 0.351648
0.641550 0.189283
0.685481 0.708211
0.831971 0.644792
0.390683 0.048803
0.762536 0.592660
0.620841 0.995291
0.414882 0.701157
0.663445 0.259121
0.561570 0.598692
0.669808 0.281795
0.574234 0.760208
0.915131 0.802432
0.026609 0.982524
0.186690 0.022383
0.587034 0.281718
0.374032 0.228584
0.471002 0.059512
0.936795 0.302973
0.704304 0.327478
0.351776 0.466840
0.920138 0.972617
0.462131 0.335020
0.673774 0.125576
0.594141 0.235343
0.724268 0.263949
0.517139 0.298502
0.024156 0.432270
0.100934 0.050766
0.414794 0.287624
0.073149 0.001827
0.569343 0.447180
0.230411 0.040344
0.506692 0.167206
0.343317 0.210996
0.494684 0.695092
0.677836 0.414822
0.667709 0.139968
0.749842 0.341483
0.265544 0.343983
0.576826 0.989812
0.607931 0.093964
0.288314 0.632088
0.526234 0.389248
0.682854 0.941028
0.676872 0.756002
0.942855 0.246215
0.203183 0.173266
0.286559 0.709875
0.340473 0.629876
0.920871 0.835157
0.324968 0.598708
0.249979 0.992677
0.738676 0.999821
0.334160 0.004219
0.343804 0.910985
0.994031 0.951736
0.004950 0.282345
0.583824 0.531183
0.671593 0.266677
0.472211 0.348465
0.022679 0.415066
0.594680 0.225862
0.588333 0.881239
0.935737 0.928806
0.511114 0.856609
0.763963 0.836082
0.455316 0.013942
0.828759 0.193992
0.013763 0.162919
0.198211 0.357568
0.073904 0.192243
