100
0.505602 0.524512
0.436782 0.130481
0.405849 0.252902
0.352691 0.158981
0.619971 0.841273
0.907035 0.267322
0.660038 0.078970
0.083074 0.322058
0.865766 0.879607
0.306353 0.391667
0.525153 0.646824
0.746629 0.601304
0.675643 0.374647
0.768934 0.418463
0.907271 0.250866
0.727052 0.412873
0.775379 0.163834
0.543354 0.181228
0.416736 0.896045
0.340208 0.036707
0.737318 0.247243
0.304029 0.397356
0.326213 0.387102
0.719413 0.191979
0.266710 0.025767
0.583646 0.791863
0.672590 0.330275
0.393167 0.348233
0.704922 0.162101
0.766696 0.612194
0.412968 0.493748
0.025067 0.188346
0.657581 0.568421
0.369574 0.074317
0.464465 0.709782
0.111024 0.201783
0.957025 0.415052
0.599139 0.283238
0.802155 0.318552
0.475216 0.068864
0.344319 0.058863
0.860727 0.016909
0.389138 0.253895
0.365143 0.094060
0.415996 0.131838
0.706254 0.828964
0.625586 0.731320
0.017310 0.283167
0.299741 0.386884
0.357484 0.764206
0.096666 0.468507
0.965988 0.053691
0.883559 0.565127
0.336929 0.685714
0.883679 0.812145
0.754578 0.227998
0.871008 0.615306
0.244907 0.260145
0.869200 0.610050
0.354205 0.285196
0.741888 0.060459
0.114160 0.367474
0.791779 0.131470
0.650641 0.091520
0.518354 0.008125
0.855726 0.615021
0.476632 0.821714
0.668712 0.360191
0.386841 0.005641
0.045905 0.270520
0.817786 0.800484
0.498518 0.688794
0.415789 0.743425
0.948939 0.284990
0.353475 0.303145
0.570186 0.095363
0.363604 0.684346
0.462837 0.155383
0.815817 0.113478
0.246902 0.334171
0.121603 0.102628
0.949192 0.598235
0.924342 0.617903
0.958426 0.311183
0.623544 0.004332
0.581703 0.441330
0.804815 0.080221
0.130124 0.220605
0.823646 0.079063
0.505595 0.177120
0.382207 0.075781
0.272483 0.745811
0.760127 0.735321
0.901194 0.575944
0.848799 0.148096
0.910115 0.970402
0.250724 0.859306
0.568637 0.175066
0.477210 0.527063
0.486249 0.100754
