100
0.025367 0.725481
0.415717 0.868238
0.610395 0.250188
0.284764 0.076328
0.245818 0.773117
0.740654 0.948259
0.222289 0.422315
0.223143 0.402285
0.982771 0.790903
0.143642 0.522682
0.946707 0.851307
0.191275 0.877973
0.821242 0.654111
0.630476 0.849107
0.426981 0.141795
0.233009 0.452348
0.867277 0.648726
0.320586 0.477671
0.898914 0.605350
0.553999 0.144732
0.378467 0.294653
0.092990 0.600755
0.716968 0.316133
0.003041 0.699739
0.107036 0.146682
0.222421 0.053743
0.997989 0.413696
0.931716 0.819231
0.067807 0.562191
0.668338 0.494787
0.703987 0.901347
0.947135 0.571264
0.550073 0.267722
0.048935 0.448986
0.873072 0.602934
0.593718 0.251539
0.897587 0.686708
0.852295 0.614556
0.002841 0.855335
0.314295 0.109878
0.002018 0.536716
0.163621 0.000007
0.950412 0.095337
0.819238 0.018218
0.657528 0.487577
0.513005 0.361515
0.388924 0.460141
0.932778 0.938996
0.727863 0.981713
0.387983 0.600935
0.584648 0.981701
0.852474 0.482235
0.668409 0.704768
0.096791 0.671251
0.560104 0.411086
0.781129 0.562122
0.947801 0.944749
0.562129 0.898213
0.040086 0.381367
0.916431 0.697614
0.868944 0.429436
0.059129 0.257868
0.889577 0.991907
0.196864 0.617440
0.973621 0.584847
0.218375 0.558269
0.566548 0.070849
0.040504 0.234957
0.775617 0.137295
0.906208 0.335721
0.548381 0.687336
0.897842 0.496182
0.632086 0.459971
0.394395 0.672172
0.841339 0.310826
0.369786 0.710283
0.740263 0.428915
0.968150 0.629840
0.420822 0.165014
0.247280 0.394443
0.749861 0.465655
0.952712 0.316409
0.536503 0.993215
0.551366 0.312120
0.130510 0.457574
0.647841 0.678891
0.144910 0.545683
0.175073 0.776996
0.005655 0.569468
0.449168 0.846993
0.880295 0.818954
0.557276 0.620557
0.247869 0.525426
0.250397 0.668691
0.690440 0.497677
0.063134 0.440301
0.963332 0.015845
0.756710 0.499835
0.009061 0.308076
0.811955 0.139571
