100
0.363222 0.699622
0.998605 0.865007
0.965839 0.866632
0.920298 0.415170
0.355121 0.627213
0.434965 0.289743
0.601385 0.999448
0.037214 0.554680
0.345772 0.371445
0.502447 0.709299
0.033474 0.089278
0.367327 0.517915
0.848751 0.037506
0.619692 0.629809
0.652517 0.111620
0.314246 0.015739
0.811242 0.312851
0.880746 0.777081
0.179483 0.801044
0.192251 0.534605
0.428257 0.627216
0.824348 0.029641
0.626664 0.861562
0.584322 0.972436
0.233007 0.086768
0.681735 0.266481
0.176046 0.049062
0.784396 0.024797
0.086568 0.404088
0.654606 0.739085
0.515708 0.968852
0.754825 0.326950
0.281703 0.635571
0.104031 0.461186
0.436615 0.296282
0.995791 0.864871
0.923498 0.820139
0.894513 0.550162
0.681701 0.478834
0.522598 0.914708
0.565603 0.204333
0.181189 0.741649
0.253395 0.965585
0.766446 0.339964
0.369672 0.421052
0.079049 0.885380
0.389904 0.833874
0.212330 0.671607
0.469444 0.316361
0.132794 0.906059
0.612643 0.128585
0.770931 0.536141
0.948724 0.665443
0.086303 0.630425
0.144277 0.608901
0.545133 0.709880
0.813234 0.726322
0.451529 0.066629
0.691907 0.217975
0.406593 0.061580
0.639026 0.485642
0.946960 0.028930
0.319515 0.159290
0.700538 0.788960
0.475651 0.833331
0.695019 0.088294
0.961916 0.465949
0.624435 0.910640
0.131393 0.710738
0.541065 0.275670
0.319638 0.086198
0.985550 0.132872
0.812520 0.437079
0.199501 0.504427
0.655054 0.606094
0.566007 0.294080
0.091735 0.512967
0.323011 0.411251
0.672256 0.023548
0.200210 0.147907
0.856880 0.895229
0.236201 0.818796
0.361179 0.860636
0.729436 0.492571
0.571374 0.270501
0.768241 0.891012
0.356699 0.753791
0.023885 0.169219
0.190870 0.223386
0.673646 0.845924
0.829479 0.239653
0.140004 0.921215
0.752619 0.463015
0.332465 0.424876
0.486563 0.532676
0.572783 0.343443
0.427905 0.808984
0.162238 0.789083
0.669621 0.891674
0.281654 0.240995
