100
0.627778 0.126099
0.105712 0.060393
0.225422 0.914395
0.729623 0.555740
0.110667 0.211666
0.913647 0.990374
0.198756 0.641589
0.398340 0.591433
0.574279 0.178967
0.085270 0.254365
0.475890 0.191809
0.817489 0.767965
0.942285 0.690651
0.640140 0.079496
0.224224 0.860896
0.405721 0.852002
0.986995 0.511432
0.912395 0.212417
0.425827 0.642018
0.768157 0.536495
0.853685 0.681803
0.526869 0.052441
0.323392 0.925209
0.643874 0.897672
0.104175 0.729144
0.152036 0.580066
0.920953 0.969526
0.348030 0.863238
0.660176 0.988170
0.942734 0.884400
0.849066 0.348455
0.736402 0.836061
0.859887 0.648797
0.048478 0.285714
0.290816 0.816634
0.822209 0.144500
0.498438 0.349078
0.196941 0.821830
0.274287 0.840815
0.719502 0.378462
0.569959 0.871538
0.958528 0.490912
0.841064 0.306558
0.354150 0.501240
0.294728 0.296884
0.385640 0.143795
0.645339 0.122043
0.979856 0.505226
0.770840 0.028333
0.790940 0.061656
0.844968 0.613149
0.206156 0.343406
0.962226 0.403097
0.165236 0.236513
0.243912 0.884738
0.614975 0.813872
0.756276 0.573503
0.304784 0.597339
0.880061 0.658934
0.098580 0.174790
0.955818 0.484220
0.318584 0.601156
0.606263 0.298440
0.106382 0.377103
0.326774 0.897322
0.438758 0.171742
0.510470 0.644914
0.515147 0.472697
0.048012 0.680383
0.709210 0.291924
0.565121 0.324185
0.105796 0.321397
0.897688 0.410579
0.918736 0.777749
0.069513 0.017316
0.952538 0.025331
0.501536 0.271123
0.626487 0.107799
0.569563 0.732869
0.484902 0.896337
0.630191 0.923660
0.068078 0.140661
0.568574 0.583225
0.613358 0.616586
0.263609 0.322567
0.908510 0.828730
0.646752 0.014306
0.150126 0.544440
0.424885 0.068862
0.322188 0.494398
0.086178 0.274727
0.519729 0.587714
0.545850 0.146216
0.695512 0.115413
0.879085 0.180414
0.011749 0.509276
0.104074 0.079827
0.649937 0.672648
0.663053 0.263295
0.289234 0.926661
