100
0.824552 0.585440
0.968902 0.588200
0.142463 0.460972
0.522451 0.260275
0.070501 0.659598
0.680621 0.279900
0.892513 0.851002
0.025433 0.196030
0.069996 0.891442
0.059731 0.991050
0.309249 0.663240
0.651229 0.870300
0.429046 0.903037
0.483022 0.111364
0.457751 0.012437
0.623627 0.282304
0.597878 0.592529
0.870503 0.740341
0.053502 0.392954
0.000615 0.124002
0.052552 0.681237
0.403903 0.945065
0.532238 0.429336
0.141094 0.602235
0.320778 0.200825
0.593285 0.630027
0.864065 0.244514
0.500327 0.293111
0.147551 0.983348
0.404475 0.605302
0.995786 0.028102
0.887605 0.593664
0.620631 0.758109
0.334004 0.674133
0.151063 0.334620
0.798135 0.203614
0.015857 0.202038
0.148679 0.548095
0.631374 0.289773
0.150330 0.952152
0.490598 0.743615
0.582179 0.354663
0.988128 0.082505
0.647774 0.135679
0.065854 0.052249
0.740981 0.061639
0.080351 0.628587
0.655303 0.700982
0.386695 0.989307
0.375115 0.537758
0.323927 0.173250
0.741372 0.339784
0.375288 0.890051
0.887879 0.006662
0.179824 0.038209
0.958814 0.670423
0.781824 0.540993
0.025086 0.769952
0.623498 0.672860
0.905631 0.689352
0.725109 0.646613
0.750991 0.805460
0.275199 0.406294
0.506442 0.661895
0.395602 0.881557
0.199652 0.719529
0.054807 0.941025
0.059313 0.430095
0.831076 0.947192
0.436757 0.010901
0.985401 0.395571
0.681323 0.767224
0.936564 0.706409
0.537176 0.560062
0.379270 0.442807
0.249414 0.104379
0.089420 0.000405
0.909839 0.364619
0.406700 0.416282
0.026514 0.802301
0.297839 0.226166
0.521830 0.352646
0.167191 0.581143
0.782742 0.998267
0.528335 0.219499
0.009168 0.513735
0.615070 0.690491
0.280959 0.551634
0.396900 0.818136
0.111696 0.776170
0.260943 0.361110
0.880549 0.350363
0.361515 0.790388
0.714982 0.768215
0.206670 0.741496
0.570516 0.504509
0.967662 0.092347
0.857156 0.134853
0.673490 0.639897
0.133120 0.201825
