100
0.530273 0.095098
0.057691 0.259314
0.520963 0.755805
0.843171 0.128603
0.088289 0.000532
0.525730 0.630162
0.674820 0.353272
0.131753 0.482162
0.088206 0.216414
0.947251 0.318307
0.995593 0.739157
0.394323 0.378300
0.544015 0.433964
0.174217 0.705932
0.738255 0.364417
0.287166 0.268528
0.459515 0.344857
0.527842 0.980478
0.100663 0.371014
0.109081 0.188951
0.371545 0.634811
0.819114 0.046365
0.988083 0.950867
0.528527 0.076289
0.167281 0.475778
0.394596 0.162874
0.214935 0.788919
0.541174 0.758950
0.222884 0.715391
0.464881 0.961139
0.079809 0.752048
0.229667 0.539324
0.096905 0.757509
0.519802 0.197568
0.128523 0.628883
0.386519 0.500068
0.263695 0.205632
0.546433 0.251778
0.156499 0.074960
0.328066 0.323780
0.550738 0.722662
0.486654 0.765673
0.511581 0.027828
0.524623 0.734465
0.743219 0.989504
0.695604 0.823028
0.741552 0.925270
0.362352 0.838457
0.682779 0.882154
0.036024 0.811302
0.511037 0.422543
0.311370 0.774732
0.628175 0.857804
0.026509 0.784674
0.932763 0.354575
0.108455 0.483501
0.077238 0.595109
0.249174 0.588819
0.622937 0.773797
0.323284 0.366156
0.763300 0.018888
0.189184 0.504852
0.944158 0.551536
0.343309 0.626937
0.433690 0.379333
0.438240 0.944727
0.801876 0.749610
0.719459 0.430052
0.607414 0.745968
0.214726 0.540177
0.100543 0.323181
0.023678 0.177781
0.918289 0.272852
0.766600 0.541226
0.046648 0.089884
0.907383 0.809949
0.108771 0.096567
0.314801 0.052929
0.648103 0.658110
0.679866 0.081793
0.037444 0.118106
0.026520 0.839320
0.867716 0.745979
0.269372 0.475129
0.491946 0.484098
0.015306 0.592489
0.807278 0.038984
0.770270 0.725568
0.311836 0.536870
0.266794 0.358484
0.626753 0.174177
0.168433 0.735524
0.270744 0.483234
0.788453 0.918847
0.141344 0.468319
0.000640 0.178788
0.586425 0.027160
0.018108 0.454141
0.773139 0.287479
0.929271 0.265085
