100
0.999834 0.676885
0.858821 0.207743
0.618880 0.366014
0.238390 0.330975
0.122096 0.958502
0.391320 0.236391
0.935551 0.385055
0.904898 0.290431
0.540204 0.161277
0.194609 0.698577
0.953826 0.826280
0.349331 0.904414
0.002296 0.856075
0.956222 0.295822
0.843720 0.881953
0.410034 0.843554
0.558837 0.268855
0.051297 0.177718
0.634869 0.289687
0.508693 0.756964
0.248190 0.900013
0.993355 0.183741
0.285068 0.898254
0.474172 0.825272
0.059531 0.668780
0.523849 0.013357
0.495061 0.873180
0.917770 0.497357
0.729255 0.873992
0.793178 0.572975
0.755945 0.203212
0.416529 0.314783
0.472067 0.467826
0.492500 0.106935
0.757513 0.001193
0.863900 0.005702
0.901206 0.857255
0.189443 0.186274
0.755509 0.663615
0.011546 0.815040
0.332395 0.535395
0.828397 0.827456
0.408575 0.746167
0.324812 0.137830
0.620159 0.117991
0.710805 0.376104
0.321203 0.127333
0.690887 0.793269
0.595159 0.183387
0.900205 0.352672
0.184580 0.764104
0.358374 0.085786
0.621360 0.547818
0.272060 0.376869
0.211432 0.283606
0.191909 0.543828
0.819002 0.020305
0.371284 0.227577
0.766472 0.696096
0.365406 0.386631
0.814087 0.076211
0.762735 0.135289
0.203544 0.453622
0.928559 0.798703
0.637009 0.828763
0.151376 0.821589
0.592868 0.509750
0.907375 0.214228
0.057568 0.179435
0.591096 0.269000
0.463041 0.783005
0.812828 0.282043
0.803310 0.184111
0.509619 0.569782
0.880207 0.875026
0.956413 0.694294
0.951237 0.719148
0.829583 0.154781
0.172770 0.758142
0.953484 0.809779
0.586906 0.104860
0.631368 0.179773
0.614610 0.538743
0.394001 0.672177
0.718177 0.985097
0.941177 0.181218
0.768102 0.754005
0.463261 0.571412
0.938116 0.972880
0.141194 0.818323
0.847906 0.097607
0.512617 0.799142
0.816756 0.342201
0.953923 0.989526
0.100343 0.907407
0.799305 0.687248
0.012267 0.430673
0.867022 0.626877
0.969416 0.261023
0.299054 0.687593
