100
0.849720 0.590418
0.528114 0.096123
0.075715 0.368120
0.255853 0.119838
0.300370 0.324980
0.917901 0.568044
0.033193 0.541312
0.427524 0.507396
0.144220 0.211071
0.478952 0.373232
0.397987 0.838264
0.136309 0.382311
0.531251 0.110095
0.298835 0.638199
0.194452 0.508784
0.615472 0.044172
0.099201 0.143586
0.140295 0.174916
0.511706 0.396148
0.294754 0.812076
0.721129 0.212655
0.380120 0.754322
0.753967 0.807643
0.261718 0.898186
0.018715 0.740670
0.271419 0.416701
0.578934 0.407728
0.799013 0.110185
0.517823 0.097848
0.748384 0.712275
0.606631 0.363856
0.756447 0.705832
0.507442 0.896742
0.880748 0.019148
0.292891 0.175502
0.831224 0.014019
0.388157 0.211344
0.768341 0.142124
0.018987 0.030059
0.040310 0.037702
0.770730 0.311729
0.454403 0.349664
0.719457 0.253416
0.459849 0.237279
0.351263 0.208233
0.949554 0.957894
0.572089 0.706001
0.663727 0.079530
0.602743 0.544475
0.098678 0.895633
0.719977 0.929902
0.909653 0.108135
0.141246 0.677994
0.250259 0.160232
0.708053 0.290569
0.197934 0.478782
0.602298 0.652337
0.828446 0.321754
0.905753 0.288295
0.559034 0.257017
0.496529 0.508588
0.214911 0.068617
0.214589 0.878638
0.148148 0.817332
0.423113 0.246826
0.712965 0.143090
0.176728 0.622618
0.251225 0.317974
0.300611 0.501483
0.478206 0.008664
0.792052 0.676141
0.487446 0.394350
0.328478 0.315892
0.716104 0.234231
0.604188 0.275138
0.491248 0.100716
0.783726 0.706159
0.169334 0.998315
0.584796 0.317482
0.815646 0.007909
0.564308 0.528611
0.151000 0.741036
0.151229 0.402224
0.059010 0.451840
0.903708 0.537216
0.460504 0.695760
0.213357 0.947950
0.090110 0.541835
0.263842 0.806214
0.776066 0.868030
0.081353 0.267313
0.968746 0.865078
0.973472 0.138080
0.863393 0.558268
0.455562 0.679039
0.566178 0.019869
0.207650 0.717177
0.760905 0.358879
0.119402 0.819915
0.810719 0.023109
