100
0.095436 0.987579
0.615268 0.113200
0.896171 0.457612
0.854372 0.163973
0.005999 0.493484
0.953975 0.014212
0.172977 0.309349
0.778696 0.886522
0.393297 0.094960
0.270901 0.092625
0.153218 0.454639
0.657255 0.930098
0.935185 0.126946
0.138815 0.633585
0.678699 0.876015
0.548079 0.774135
0.863595 0.163348
0.887335 0.759765
0.620959 0.741707
0.923739 0.626958
0.235190 0.877713
0.641170 0.408168
0.187062 0.419866
0.294689 0.580359
0.514826 0.565590
0.672983 0.668044
0.020229 0.330239
0.598142 0.955414
0.457185 0.736958
0.588999 0.135883
0.612973 0.137078
0.910018 0.476568
0.300426 0.797353
0.236334 0.921385
0.539060 0.160072
0.548344 0.774250
0.037786 0.189514
0.182418 0.224848
0.609380 0.477107
0.805206 0.124206
0.042697 0.478190
0.792250 0.062926
0.808428 0.390392
0.018340 0.265613
0.127350 0.607339
0.401497 0.740323
0.744417 0.311515
0.216892 0.044843
0.108868 0.453225
0.966228 0.647927
0.613298 0.514572
0.422178 0.651083
0.704086 0.604595
0.875931 0.313466
0.081702 0.681137
0.437671 0.124399
0.159327 0.229921
0.187325 0.967755
0.620313 0.205665
0.233369 0.747663
0.813004 0.634865
0.487987 0.557421
0.946380 0.704879
0.602264 0.055248
0.158104 0.568493
0.703175 0.771402
0.083065 0.125353
0.422485 0.787151
0.729948 0.298416
0.100616 0.811651
0.979554 0.538287
0.936050 0.138881
0.768208 0.123375
0.106636 0.388522
0.329040 0.340005
0.136185 0.142043
0.974870 0.624172
0.699464 0.921250
0.329051 0.301728
0.976498 0.487155
0.870221 0.679673
0.258557 0.953286
0.805026 0.681042
0.740436 0.534975
0.979459 0.841053
0.346625 0.959012
0.379340 0.282675
0.097893 0.147549
0.406050 0.204530
0.536070 0.735089
0.544534 0.672256
0.877133 0.519404
0.296428 0.576597
0.440655 0.625479
0.878325 0.417153
0.112634 0.748546
0.096826 0.371191
0.701832 0.901852
0.052233 0.442269
0.436827 0.031691
