100
0.921008 0.382537
0.482116 0.524234
0.024789 0.996933
0.552824 0.698553
0.098160 0.752448
0.328682 0.964022
0.827085 0.026083
0.350423 0.678198
0.861874 0.127510
0.714652 0.357871
0.816192 0.071942
0.787497 0.831964
0.741987 0.125088
0.002341 0.982591
0.536411 0.343790
0.964248 0.457418
0.726327 0.446364
0.981652 0.751116
0.443297 0.534477
0.449669 0.541457
0.286925 0.778351
0.505479 0.114010
0.804434 0.855902
0.792207 0.666308
0.983411 0.506859
0.024179 0.799603
0.578801 0.811676
0.631567 0.320788
0.936763 0.633907
0.303379 0.473174
0.977697 0.267627
0.930592 0.704024
0.713991 0.912245
0.455140 0.157287
0.446721 0.904809
0.698744 0.733646
0.683160 0.204223
0.847656 0.487594
0.060125 0.639863
0.153902 0.043536
0.146722 0.178081
0.843139 0.725523
0.989757 0.474706
0.046311 0.926520
0.108613 0.349690
0.399694 0.086310
0.617316 0.330286
0.790335 0.331307
0.242531 0.245475
0.488595 0.689252
0.150284 0.187339
0.422899 0.833444
0.391562 0.270554
0.321037 0.451687
0.910417 0.474939
0.495223 0.057139
0.653020 0.338362
0.782662 0.642777
0.813068 0.828973
0.569297 0.921681
0.178663 0.968991
0.007991 0.795979
0.299277 0.798326
0.127286 0.541808
0.043801 0.615881
0.231060 0.194085
0.803220 0.653959
0.027529 0.194782
0.924514 0.348566
0.646469 0.834931
0.823505 0.141692
0.892070 0.476525
0.480054 0.674733
0.119302 0.293122
0.503706 0.688599
0.214803 0.682369
0.657589 0.222794
0.478348 0.956866
0.021120 0.605635
0.498674 0.064921
0.221516 0.729735
0.259007 0.024736
0.383694 0.286535
0.219518 0.308208
0.635102 0.865987
0.143139 0.458607
0.007679 0.035209
0.935132 0.487733
0.709941 0.054434
0.780855 0.213647
0.743033 0.995658
0.896016 0.400622
0.218452 0.374365
0.357488 0.239572
0.979999 0.856163
0.304494 0.201515
0.585897 0.563500
0.226251 0.969591
0.850036 0.445769
0.277799 0.485137
