100
0.765649 0.459796
0.818462 0.910559
0.005479 0.993535
0.687555 0.011134
0.563004 0.136723
0.858127 0.443298
0.955677 0.415403
0.063856 0.203546
0.940829 0.314253
0.872236 0.631270
0.811931 0.935370
0.071571 0.775262
0.951215 0.828281
0.275097 0.960276
0.136357 0.087052
0.099847 0.902006
0.546848 0.918309
0.812565 0.552327
0.911844 0.500120
0.563461 0.474848
0.636843 0.421588
0.918146 0.592520
0.836991 0.982002
0.796066 0.777820
0.296255 0.668302
0.409089 0.108186
0.603672 0.480660
0.883449 0.554888
0.308941 0.158546
0.515164 0.445298
0.245598 0.615011
0.347304 0.792446
0.533320 0.159868
0.344773 0.445164
0.659988 0.908234
0.920013 0.296831
0.329821 0.838159
0.889351 0.166812
0.820161 0.685417
0.944632 0.116417
0.353719 0.353721
0.224603 0.957391
0.834381 0.108051
0.512279 0.143323
0.266597 0.027443
0.588621 0.512195
0.642453 0.935924
0.304642 0.175773
0.095793 0.649415
0.620938 0.755781
0.557649 0.540950
0.052613 0.887470
0.379109 0.941964
0.054282 0.199270
0.627381 0.998913
0.315687 0.981100
0.352634 0.540290
0.938491 0.187016
0.648341 0.450770
0.330338 0.914938
0.478213 0.918959
0.427134 0.120666
0.854883 0.731775
0.296439 0.950676
0.381190 0.917377
0.706457 0.938839
0.458328 0.759070
0.826309 0.837437
0.701034 0.880590
0.036707 0.328415
0.879503 0.352395
0.309515 0.232138
0.892684 0.248006
0.419153 0.541025
0.698777 0.749492
0.455964 0.176989
0.668451 0.883097
0.297655 0.523334
0.614872 0.594095
0.474010 0.996062
0.511472 0.180467
0.934901 0.969800
0.939536 0.761210
0.807237 0.640570
0.641800 0.843944
0.968985 0.521303
0.196339 0.278499
0.753441 0.089023
0.526506 0.172594
0.630049 0.225282
0.922086 0.086012
0.402271 0.590536
0.969110 0.699927
0.113870 0.583982
0.294022 0.587880
0.580044 0.805494
0.768347 0.514945
0.775293 0.707883
0.276155 0.582530
0.348453 0.917955
