100
0.531395 0.067951
0.542084 0.336210
0.148172 0.672207
0.556815 0.971817
0.751270 0.062410
0.148938 0.133478
0.138191 0.421421
0.879288 0.898318
0.156742 0.780482
0.474262 0.005540
0.928578 0.384377
0.975942 0.179302
0.243684 0.544579
0.354368 0.720893
0.071642 0.840616
0.821647 0.603037
0.908567 0.363731
0.939247 0.056739
0.035938 0.496062
0.028556 0.787208
0.558472 0.177494
0.920685 0.696663
0.598916 0.799974
0.594981 0.755657
0.580456 0.069243
0.761198 0.509034
0.453620 0.737140
0.688336 0.697304
0.281718 0.042703
0.418197 0.353360
0.883319 0.239844
0.956397 0.791887
0.603575 0.895644
0.848626 0.639512
0.391706 0.877182
0.426720 0.950178
0.054677 0.347406
0.646840 0.653592
0.147380 0.241821
0.409249 0.727836
0.311064 0.170447
0.236870 0.764684
0.907587 0.925205
0.461988 0.189305
0.967909 0.880185
0.542666 0.851228
0.120029 0.499062
0.643115 0.723604
0.394706 0.491741
0.363116 0.786412
0.368923 0.789836
0.736589 0.423600
0.137242 0.383430
0.077192 0.284622
0.625251 0.486441
0.012458 0.936315
0.656888 0.249327
0.701000 0.564475
0.174533 0.162988
0.753781 0.142441
0.043173 0.296446
0.993669 0.163202
0.795509 0.636784
0.886806 0.190215
0.128525 0.249922
0.976627 0.497448
0.039758 0.713216
0.921047 0.177001
0.096646 0.998239
0.461623 0.721897
0.484681 0.474080
0.658212 0.141569
0.723408 0.359211
0.706044 0.897940
0.522199 0.459825
0.040382 0.565372
0.756271 0.034051
0.728574 0.551780
0.670835 0.615380
0.741995 0.799359
0.865302 0.718621
0.296807 0.905061
0.431837 0.217855
0.082061 0.528483
0.216094 0.543684
0.250379 0.700774
0.017764 0.908591
0.842343 0.741172
0.267803 0.548388
0.639112 0.790002
0.008213 0.679493
0.355374 0.764484
0.713544 0.083948
0.316264 0.384379
0.699328 0.058259
0.183739 0.564630
0.776880 0.480546
0.469691 0.208717
0.698400 0.551752
0.737200 0.914494
