100
0.224679 0.075061
0.009273 0.783128
0.645044 0.256917
0.412471 0.468343
0.045744 0.050997
0.489386 0.207718
0.418764 0.101951
0.376410 0.525165
0.478444 0.402262
0.479170 0.001478
0.469330 0.925537
0.608453 0.065389
0.015027 0.473100
0.696409 0.482222
0.177308 0.614264
0.346476 0.401987
0.689324 0.355749
0.185115 0.334368
0.612667 0.597586
0.802711 0.658411
0.648583 0.292097
0.866129 0.067347
0.394048 0.242539
0.592512 0.872492
0.644801 0.071682
0.873970 0.114131
0.997218 0.482424
0.179520 0.012245
0.955524 0.875929
0.494466 0.132832
0.490193 0.840942
0.534819 0.179517
0.196692 0.719934
0.513885 0.809359
0.317519 0.316595
0.467770 0.966102
0.608692 0.333899
0.033449 0.002740
0.576438 0.625961
0.875232 0.221240
0.697642 0.749202
0.335371 0.694860
0.231626 0.514891
0.707105 0.187149
0.390820 0.201571
0.319981 0.881013
0.042513 0.854800
0.060530 0.239205
0.574734 0.574415
0.048564 0.892253
0.891010 0.516334
0.858355 0.499702
0.850232 0.891805
0.502442 0.426671
0.517765 0.377675
0.647910 0.215407
0.126877 0.983281
0.910268 0.358503
0.498172 0.617373
0.545652 0.888992
0.818944 0.865633
0.770005 0.861457
0.720433 0.830535
0.100663 0.295166
0.404950 0.149226
0.187419 0.295960
0.665560 0.045775
0.795662 0.515792
0.937579 0.298105
0.942463 0.455345
0.675779 0.590373
0.670752 0.802656
0.573655 0.581020
0.161159 0.071827
0.198392 0.706811
0.960819 0.017336
0.572444 0.730825
0.878793 0.292876
0.561360 0.979456
0.588043 0.966309
0.128682 0.775462
0.262269 0.794242
0.821237 0.057931
0.310034 0.758817
0.356036 0.252497
0.214161 0.031815
0.842871 0.884914
0.834471 0.416526
0.465933 0.995630
0.488353 0.664326
0.702441 0.449172
0.681662 0.274884
0.179997 0.560455
0.567761 0.741356
0.539911 0.155803
0.707665 0.668593
0.931266 0.969934
0.462836 0.752503
0.027866 0.772870
0.511320 0.383902
