100
0.311756 0.420937
0.943744 0.319436
0.456146 0.878876
0.807169 0.166088
0.933310 0.588024
0.379735 0.676343
0.583682 0.275751
0.076965 0.802134
0.650116 0.434453
0.041706 0.630115
0.290616 0.346200
0.831630 0.876513
0.909700 0.057881
0.846105 0.759736
0.503651 0.123904
0.244873 0.815407
0.544841 0.188617
0.134843 0.000987
0.067493 0.942012
0.167075 0.000803
0.530036 0.546810
0.677146 0.113718
0.822561 0.754111
0.915852 0.472677
0.188564 0.957559
0.102792 0.479180
0.303759 0.934423
0.355694 0.213459
0.992304 0.201798
0.973195 0.495955
0.325702 0.218068
0.311362 0.870543
0.406684 0.446204
0.871530 0.474177
0.388216 0.038605
0.474980 0.918252
0.585415 0.152126
0.031970 0.407976
0.906237 0.947822
0.880653 0.094802
0.905381 0.983445
0.573982 0.209140
0.917868 0.929676
0.422599 0.910172
0.131474 0.395793
0.406127 0.457176
0.613861 0.717488
0.327719 0.020545
0.163693 0.199249
0.494722 0.551909
0.237854 0.969702
0.470161 0.823269
0.121829 0.502130
0.231246 0.028066
0.449953 0.111899
0.122868 0.355334
0.095344 0.696850
0.564473 0.013212
0.626526 0.987072
0.923384 0.758000
0.382865 0.329511
0.215176 0.996726
0.046999 0.542896
0.017272 0.210692
0.742145 0.511994
0.762600 0.980000
0.481696 0.232761
0.803269 0.603525
0.734892 0.034515
0.631591 0.184844
0.146413 0.754458
0.540178 0.241758
0.451308 0.104651
0.254970 0.077834
0.091723 0.178354
0.835834 0.474588
0.507865 0.051010
0.471315 0.554864
0.593906 0.488586
0.765556 0.336051
0.000580 0.528156
0.316051 0.482277
0.760917 0.119320
0.085802 0.495809
0.153835 0.717393
0.680653 0.300248
0.471851 0.220831
0.542006 0.923159
0.325482 0.796976
0.000993 0.417204
0.975330 0.836826
0.891792 0.483195
0.887837 0.363107
0.038059 0.481743
0.851693 0.803615
0.817794 0.852273
0.331771 0.133845
0.334550 0.092688
0.253165 0.420352
0.588497 0.407000
