100
0.176318 0.568803
0.783816 0.279214
0.144766 0.439844
0.762469 0.690295
0.392953 0.632526
0.012753 0.682018
0.970800 0.485825
0.358155 0.806408
0.760360 0.606991
0.135098 0.109640
0.063648 0.503476
0.983684 0.700079
0.130639 0.226317
0.449434 0.642867
0.689050 0.333030
0.770365 0.865368
0.901833 0.554181
0.144582 0.046599
0.994025 0.907051
0.736894 0.386978
0.539577 0.749647
0.068997 0.510377
0.235472 0.427151
0.316785 0.995832
0.034142 0.451883
0.105472 0.097790
0.955359 0.089156
0.797868 0.085998
0.315474 0.247303
0.728865 0.004524
0.580332 0.499230
0.869891 0.482165
0.053411 0.014474
0.528765 0.047437
0.921525 0.265659
0.434415 0.461102
0.015306 0.503412
0.971480 0.250778
0.930564 0.288265
0.246611 0.964706
0.740148 0.352083
0.062495 0.695507
0.441239 0.860364
0.781506 0.756713
0.107666 0.510371
0.761237 0.687999
0.009601 0.631128
0.170164 0.063012
0.645602 0.698929
0.110449 0.567127
0.964587 0.544865
0.028229 0.979893
0.048277 0.999708
0.230672 0.978840
0.287973 0.477283
0.943546 0.028122
0.829366 0.006041
0.723629 0.270605
0.866405 0.505135
0.027318 0.974071
0.015505 0.788555
0.662070 0.025106
0.419683 0.832234
0.088118 0.065285
0.531162 0.198568
0.632412 0.495750
0.743432 0.660641
0.475643 0.791709
0.660349 0.706315
0.770550 0.948323
0.183597 0.714096
0.976444 0.012963
0.720137 0.700074
0.283568 0.586542
0.205208 0.310886
0.560613 0.220713
0.099441 0.222683
0.245819 0.519125
0.054916 0.333938
0.584410 0.586079
0.532505 0.216822
0.081828 0.275938
0.877463 0.557472
0.067647 0.537812
0.263786 0.838196
0.486135 0.447384
0.552292 0.462580
0.460347 0.272429
0.162653 0.743915
0.858971 0.367861
0.054801 0.419584
0.588574 0.154243
0.642266 0.834394
0.673368 0.697183
0.168331 0.257778
0.283261 0.700837
0.474600 0.365090
0.976774 0.352063
0.922562 0.044421
0.889875 0.186348
