100
0.882618 0.376010
0.633732 0.434910
0.838590 0.094079
0.707338 0.001243
0.837994 0.566309
0.369104 0.892795
0.985893 0.957678
0.047038 0.628159
0.792072 0.720406
0.325342 0.960403
0.978184 0.608603
0.661240 0.452783
0.973693 0.638014
0.804846 0.896255
0.682435 0.694721
0.082603 0.565053
0.070731 0.716335
0.999962 0.909320
0.810414 0.707300
0.910563 0.648408
0.273610 0.279666
0.541203 0.259502
0.237345 0.588241
0.887661 0.029416
0.308647 0.213002
0.989819 0.286831
0.821605 0.651059
0.739614 0.795298
0.289073 0.544460
0.691553 0.971508
0.239180 0.774155
0.536560 0.309911
0.490490 0.536522
0.219231 0.300904
0.243823 0.129794
0.949311 0.517432
0.409461 0.490515
0.776935 0.646805
0.078756 0.664595
0.676221 0.387403
0.877598 0.666041
0.674234 0.699203
0.317100 0.413848
0.494502 0.606173
0.958307 0.186055
0.577680 0.197488
0.960210 0.114241
0.507399 0.450700
0.650763 0.726630
0.751604 0.894586
0.856424 0.700915
0.412019 0.265885
0.191430 0.188953
0.912690 0.270186
0.853549 0.588912
0.657589 0.731147
0.254952 0.331823
0.430350 0.572052
0.745670 0.924852
0.178225 0.703978
0.110907 0.755905
0.901465 0.071117
0.870146 0.408864
0.521818 0.520909
0.135495 0.273422
0.415496 0.991919
0.974337 0.827514
0.257804 0.165767
0.016467 0.170494
0.435953 0.870016
0.759406 0.093541
0.601163 0.014358
0.425364 0.031513
0.586410 0.171034
0.956365 0.764635
0.875012 0.067272
0.520540 0.776477
0.138389 0.390686
0.185341 0.660207
0.911595 0.320836
0.933628 0.327090
0.312755 0.907965
0.154605 0.570559
0.073732 0.171072
0.741053 0.509685
0.041088 0.500459
0.603226 0.642251
0.514817 0.028590
0.673764 0.101227
0.199624 0.630129
0.865862 0.074636
0.697401 0.386401
0.851113 0.835790
0.777087 0.036454
0.495997 0.688682
0.357290 0.429626
0.015772 0.670045
0.337591 0.170377
0.240604 0.411323
0.341449 0.981657
