100
0.585862 0.197744
0.755391 0.232614
0.212049 0.905517
0.777054 0.636934
0.974379 0.099242
0.131332 0.060557
0.373969 0.651061
0.648271 0.919819
0.797276 0.343784
0.035232 0.676361
0.524198 0.046981
0.185637 0.628272
0.126808 0.835574
0.300920 0.789861
0.098869 0.590154
0.716522 0.684731
0.787898 0.471913
0.917345 0.999947
0.377430 0.694399
0.636881 0.351810
0.793642 0.768213
0.412367 0.167611
0.419274 0.060639
0.087430 0.216550
0.404422 0.122662
0.892912 0.928620
0.169642 0.078549
0.556891 0.296451
0.914123 0.857811
0.086311 0.012992
0.447965 0.802834
0.697723 0.235863
0.274747 0.615068
0.235810 0.652177
0.309467 0.872691
0.003987 0.103109
0.640905 0.416354
0.270720 0.060179
0.476993 0.358150
0.276729 0.881415
0.480812 0.169641
0.810035 0.650454
0.248189 0.366927
0.946905 0.162312
0.224738 0.033216
0.175304 0.672703
0.836050 0.873027
0.908566 0.110797
0.488095 0.144376
0.762974 0.797562
0.017067 0.766961
0.900671 0.657972
0.183316 0.171391
0.718151 0.660309
0.529541 0.994880
0.541724 0.010353
0.164521 0.351759
0.660807 0.412710
0.718686 0.607712
0.575022 0.943424
0.640928 0.750326
0.616127 0.476978
0.623353 0.524693
0.587774 0.111448
0.669069 0.350748
0.909010 0.686136
0.117709 0.809682
0.344108 0.301025
0.981073 0.062258
0.961334 0.510615
0.057138 0.503058
0.520968 0.221659
0.854817 0.181775
0.634369 0.573503
0.789487 0.209391
0.516927 0.430415
0.959717 0.133054
0.907393 0.583070
0.657747 0.495167
0.694518 0.326816
0.845915 0.603528
0.012952 0.963625
0.413210 0.357059
0.264649 0.394283
0.419318 0.225983
0.904898 0.476456
0.729041 0.425865
0.698115 0.583857
0.607640 0.332483
0.157360 0.397127
0.541874 0.674288
0.827542 0.501591
0.807342 0.734934
0.084661 0.465090
0.230101 0.779179
0.791906 0.076016
0.382707 0.804858
0.039641 0.795917
0.161917 0.304290
0.190200 0.581235
