100
0.999629 0.552650
0.022784 0.465532
0.294647 0.727388
0.565664 0.715739
0.431985 0.336896
0.703171 0.218812
0.820990 0.272410
0.839023 0.328167
0.837568 0.601638
0.134508 0.980721
0.640430 0.679303
0.808720 0.368979
0.734550 0.190624
0.470171 0.753839
0.713412 0.438667
0.485049 0.713041
0.991317 0.507833
0.178573 0.285964
0.235221 0.744237
0.001703 0.667206
0.081133 0.704874
0.886018 0.902122
0.977285 0.725041
0.230290 0.814853
0.326679 0.364798
0.795574 0.967109
0.044101 0.604294
0.336088 0.778650
0.794918 0.806260
0.532489 0.508330
0.244926 0.017539
0.221371 0.236243
0.525372 0.399944
0.522207 0.760593
0.144181 0.523910
0.427799 0.225314
0.228784 0.313817
0.127436 0.206069
0.038858 0.357726
0.020922 0.365537
0.722524 0.816497
0.332646 0.766624
0.420791 0.668734
0.545275 0.215709
0.474994 0.077764
0.724039 0.719920
0.095303 0.945411
0.956163 0.620674
0.345355 0.478370
0.381267 0.489536
0.002279 0.809066
0.714850 0.231063
0.122883 0.842287
0.437132 0.161741
0.200013 0.458055
0.527278 0.922536
0.274551 0.859924
0.689161 0.695342
0.528658 0.234435
0.911051 0.003651
0.312199 0.635090
0.723571 0.407502
0.580501 0.679734
0.028176 0.925856
0.158104 0.409444
0.415392 0.160383
0.218510 0.130243
0.391447 0.341393
0.972529 0.828579
0.503134 0.172542
0.286634 0.030412
0.095078 0.561185
0.890336 0.784239
0.256527 0.418994
0.018674 0.167578
0.422646 0.330873
0.802668 0.146217
0.738375 0.383168
0.825951 0.766552
0.309024 0.984055
0.175995 0.724416
0.144439 0.394505
0.854659 0.535885
0.735898 0.827188
0.364464 0.239033
0.999730 0.651098
0.269445 0.094808
0.212283 0.159781
0.879047 0.468809
0.578776 0.897721
0.636387 0.001422
0.228594 0.439055
0.147639 0.966969
0.822223 0.973590
0.733521 0.131247
0.957646 0.909516
0.855663 0.102084
0.304021 0.710323
0.637969 0.039920
0.537511 0.002434
