100
0.162174 0.049896
0.132007 0.518873
0.803687 0.155892
0.688092 0.994557
0.379277 0.361738
0.840481 0.208757
0.601390 0.980486
0.129972 0.354010
0.443500 0.462437
0.778886 0.930064
0.995112 0.351669
0.273506 0.423017
0.160653 0.435744
0.212100 0.830274
0.327418 0.493755
0.071269 0.489593
0.543650 0.203276
0.008465 0.347337
0.359167 0.696557
0.341894 0.738445
0.058295 0.182375
0.947202 0.659685
0.162861 0.077173
0.013695 0.606361
0.539610 0.792581
0.536425 0.534722
0.144250 0.809931
0.957739 0.304903
0.245675 0.169840
0.135177 0.573094
0.663594 0.206446
0.062686 0.207244
0.409722 0.071152
0.554581 0.768889
0.767709 0.896476
0.507334 0.826003
0.078851 0.454536
0.485689 0.241712
0.531709 0.499384
0.848073 0.071319
0.291964 0.384498
0.606041 0.436214
0.194429 0.563781
0.741117 0.440104
0.733620 0.876294
0.013198 0.397215
0.082740 0.075884
0.604459 0.492461
0.147035 0.159040
0.261350 0.914744
0.055516 0.768684
0.740747 0.134367
0.223220 0.226436
0.376078 0.754928
0.725819 0.224151
0.826247 0.017784
0.608649 0.432289
0.453998 0.803078
0.996069 0.195114
0.243182 0.729689
0.071408 0.256380
0.126904 0.154148
0.332263 0.731363
0.646609 0.479299
0.890403 0.907959
0.394043 0.945919
0.676644 0.134790
0.080286 0.899863
0.361225 0.456364
0.654792 0.087045
0.680516 0.481039
0.104828 0.289165
0.913328 0.558826
0.092243 0.909397
0.753940 0.335425
0.639086 0.825348
0.591805 0.765990
0.979496 0.924068
0.497353 0.626105
0.403367 0.387756
0.534065 0.797410
0.333675 0.210708
0.932199 0.413961
0.110572 0.293425
0.870325 0.765363
0.380469 0.550841
0.246403 0.485297
0.840006 0.159730
0.044123 0.932249
0.069127 0.798063
0.267675 0.708213
0.623411 0.859479
0.474203 0.602907
0.783548 0.971556
0.229013 0.186915
0.359312 0.763077
0.984325 0.692987
0.973785 0.916524
0.106948 0.084357
0.209948 0.977273
