100
0.908380 0.671495
0.118477 0.694415
0.323315 0.810700
0.151878 0.908014
0.423967 0.891022
0.573607 0.153320
0.268840 0.515536
0.028743 0.131680
0.119737 0.048163
0.906403 0.439356
0.850607 0.322929
0.275598 0.811726
0.431523 0.851685
0.646873 0.539705
0.098685 0.631171
0.983821 0.007065
0.302667 0.102299
0.701480 0.625982
0.912999 0.853358
0.533996 0.336966
0.744379 0.107603
0.490286 0.013220
0.623139 0.519029
0.144900 0.742876
0.567191 0.051303
0.182232 0.417798
0.374231 0.457830
0.229524 0.805754
0.309515 0.876397
0.345459 0.408200
0.507569 0.329280
0.415265 0.810235
0.431579 0.116744
0.436217 0.344578
0.970102 0.970213
0.681544 0.714481
0.077816 0.171830
0.727701 0.700955
0.690859 0.872601
0.443830 0.258050
0.923904 0.626062
0.675848 0.298135
0.083892 0.905372
0.103889 0.393407
0.781769 0.449348
0.801606 0.289338
0.778629 0.216871
0.099573 0.210208
0.333615 0.535790
0.554786 0.303717
0.506003 0.236330
0.018198 0.583819
0.408160 0.745900
0.284774 0.099019
0.618501 0.728604
0.357069 0.542404
0.354666 0.032916
0.840539 0.438558
0.938288 0.944429
0.831964 0.720057
0.393777 0.633571
0.009395 0.172406
0.850442 0.108968
0.382614 0.184057
0.644758 0.937400
0.487774 0.150762
0.173730 0.505972
0.734581 0.581890
0.251872 0.019355
0.680909 0.870372
0.747959 0.037978
0.412777 0.102625
0.070895 0.253316
0.541183 0.009183
0.197745 0.373147
0.729240 0.591522
0.006718 0.738635
0.763928 0.857160
0.847603 0.146541
0.041217 0.492362
0.083941 0.528990
0.643124 0.257671
0.034962 0.377705
0.839562 0.286834
0.397060 0.520471
0.157206 0.145019
0.558449 0.569983
0.247644 0.629343
0.823299 0.788827
0.638526 0.021044
0.161974 0.367766
0.612565 0.168692
0.106402 0.376493
0.025852 0.954005
0.523034 0.067068
0.446367 0.606975
0.596058 0.089490
0.864647 0.631021
0.467195 0.704208
0.917854 0.864255
