100
0.771577 0.944577
0.857574 0.578856
0.983561 0.627844
0.304423 0.295397
0.164714 0.571217
0.653881 0.791467
0.745394 0.822314
0.526991 0.016138
0.305548 0.315444
0.934984 0.446893
0.783764 0.935624
0.625680 0.370189
0.962784 0.643788
0.824331 0.735923
0.931267 0.753601
0.001008 0.702845
0.698178 0.858582
0.281700 0.681739
0.486426 0.586124
0.977136 0.651140
0.157341 0.631018
0.442607 0.902735
0.453332 0.969598
0.918873 0.758880
0.285043 0.853857
0.205773 0.068806
0.789481 0.831453
0.438996 0.752266
0.475241 0.263326
0.488189 0.406509
0.016927 0.489196
0.109353 0.715106
0.347779 0.391054
0.396845 0.834205
0.977177 0.373981
0.485345 0.134519
0.004999 0.927952
0.037254 0.458331
0.897550 0.956126
0.217211 0.182593
0.809984 0.422984
0.251399 0.599465
0.254437 0.690395
0.351731 0.729678
0.953721 0.839919
0.136186 0.970649
0.329116 0.245539
0.685754 0.676894
0.636593 0.082599
0.511099 0.613770
0.456580 0.996444
0.748289 0.461579
0.924397 0.785543
0.919910 0.821947
0.741669 0.137121
0.004540 0.551653
0.560104 0.255939
0.151118 0.814541
0.946334 0.502849
0.544218 0.900056
0.342768 0.680405
0.870704 0.671884
0.925944 0.556458
0.348778 0.562537
0.639058 0.859878
0.176307 0.095638
0.856322 0.924596
0.557217 0.780719
0.710139 0.477127
0.602666 0.451808
0.614248 0.607206
0.003460 0.174352
0.863145 0.154578
0.988893 0.809480
0.657427 0.533112
0.709535 0.000195
0.213516 0.580239
0.672078 0.139460
0.136698 0.020857
0.701997 0.775755
0.880734 0.878304
0.871394 0.737056
0.802900 0.428611
0.517775 0.513038
0.905738 0.120441
0.964846 0.519986
0.727646 0.968306
0.694339 0.590791
0.122884 0.683232
0.400271 0.780311
0.216343 0.109806
0.780505 0.429860
0.690045 0.452584
0.569320 0.826743
0.473440 0.271316
0.602499 0.354175
0.149620 0.473892
0.091231 0.952520
0.902503 0.609006
0.465558 0.808241
