100
0.983621 0.333021
0.761344 0.341157
0.419121 0.574617
0.379656 0.972092
0.453718 0.164668
0.075663 0.734065
0.765571 0.348989
0.623581 0.811928
0.548120 0.599156
0.054112 0.930738
0.221819 0.560257
0.249971 0.078794
0.060632 0.711925
0.139399 0.848240
0.867925 0.813166
0.873078 0.851546
0.146187 0.634422
0.192703 0.565307
0.209039 0.572360
0.537399 0.662757
0.737028 0.613062
0.396822 0.502599
0.962051 0.020403
0.314527 0.510171
0.619559 0.368638
0.440909 0.841378
0.928896 0.690880
0.920172 0.989527
0.402804 0.059571
0.837767 0.270730
0.872737 0.710845
0.122276 0.018924
0.345267 0.314979
0.584231 0.554306
0.887339 0.121630
0.217063 0.624366
0.734693 0.613886
0.126965 0.696743
0.634288 0.441492
0.206915 0.253847
0.810130 0.647824
0.095225 0.739026
0.338704 0.015397
0.728553 0.741508
0.074968 0.566320
0.012238 0.947705
0.277165 0.134514
0.966629 0.622433
0.449493 0.550860
0.176739 0.336832
0.672490 0.393802
0.961198 0.407183
0.007688 0.088163
0.103926 0.641976
0.529655 0.310841
0.895823 0.339785
0.958665 0.991048
0.078811 0.297369
0.006445 0.807364
0.038877 0.081413
0.373684 0.051115
0.029118 0.650849
0.185628 0.995747
0.273282 0.635121
0.546607 0.450021
0.971953 0.219097
0.843823 0.933151
0.626280 0.851511
0.021314 0.730206
0.493487 0.550969
0.041047 0.389310
0.890755 0.999711
0.380358 0.969566
0.297080 0.386803
0.776930 0.335957
0.468216 0.150614
0.387071 0.497335
0.801463 0.572700
0.493082 0.074745
0.207821 0.039688
0.524765 0.179774
0.258785 0.368588
0.112925 0.885065
0.220099 0.134239
0.615271 0.713586
0.685208 0.656317
0.102896 0.575963
0.656029 0.483254
0.545529 0.953109
0.870057 0.322458
0.289065 0.338274
0.473072 0.676136
0.835608 0.274535
0.248836 0.328690
0.349280 0.456657
0.368378 0.874045
0.636431 0.627163
0.242633 0.749356
0.512228 0.462732
0.883595 0.127498
