100
0.137744 0.269150
0.707248 0.609595
0.489980 0.249254
0.532754 0.815462
0.046230 0.533747
0.232666 0.021560
0.370574 0.124459
0.504755 0.258410
0.487566 0.542814
0.740153 0.339259
0.346428 0.557947
0.191532 0.678199
0.691792 0.526082
0.770887 0.944957
0.946434 0.359384
0.351957 0.084179
0.628534 0.059205
0.693774 0.118514
0.308460 0.226528
0.933976 0.354690
0.760276 0.166642
0.376250 0.130849
0.291101 0.881005
0.389259 0.778666
0.423818 0.129412
0.117925 0.770246
0.687359 0.309457
0.448445 0.379151
0.835540 0.219332
0.324108 0.781974
0.578716 0.676065
0.866153 0.207249
0.735271 0.559927
0.325763 0.043730
0.786455 0.259739
0.398420 0.546731
0.426382 0.774670
0.677580 0.717482
0.655675 0.066839
0.496149 0.079493
0.196251 0.614074
0.849739 0.883610
0.923531 0.298184
0.262761 0.759070
0.517516 0.586869
0.541044 0.096232
0.262935 0.407197
0.303482 0.998205
0.967124 0.629245
0.041936 0.753579
0.888985 0.440356
0.300310 0.315366
0.215026 0.977890
0.032848 0.870701
0.044729 0.528997
0.950194 0.240980
0.143071 0.799933
0.124590 0.066601
0.098117 0.387352
0.825672 0.615634
0.974221 0.366716
0.711866 0.237156
0.773912 0.015348
0.235361 0.741036
0.644593 0.277297
0.494615 0.533578
0.717653 0.794925
0.848944 0.932679
0.772814 0.881792
0.803380 0.817543
0.410789 0.753574
0.058523 0.553860
0.553506 0.183114
0.620461 0.651624
0.570465 0.446133
0.267257 0.544686
0.812849 0.979123
0.781842 0.586761
0.994471 0.017203
0.327797 0.639064
0.294500 0.822412
0.172642 0.012152
0.617337 0.021586
0.944831 0.390151
0.903378 0.748211
0.207694 0.314168
0.501785 0.266217
0.868028 0.055291
0.449331 0.488489
0.706915 0.019796
0.934622 0.974172
0.564482 0.747470
0.953295 0.346324
0.334232 0.947767
0.363527 0.662029
0.586831 0.658027
0.484441 0.759473
0.670180 0.101777
0.781059 0.615011
0.491928 0.684437
