100
0.729447 0.430404
0.328228 0.457093
0.398710 0.022566
0.047884 0.521595
0.705798 0.448155
0.301906 0.922141
0.557961 0.082411
0.352001 0.248007
0.534995 0.921321
0.074750 0.008435
0.192637 0.677249
0.362610 0.342257
0.151141 0.453841
0.294777 0.053644
0.062847 0.760335
0.861886 0.792293
0.190739 0.190114
0.249386 0.589450
0.212680 0.297270
0.111045 0.918478
0.745425 0.412950
0.840619 0.303386
0.495362 0.192620
0.551393 0.030356
0.113941 0.626143
0.038792 0.306578
0.303392 0.401401
0.648835 0.454533
0.855242 0.943612
0.508177 0.918089
0.703947 0.370063
0.710382 0.894686
0.560177 0.959768
0.484136 0.772857
0.257038 0.595181
0.691335 0.002463
0.008131 0.531954
0.305850 0.503493
0.724574 0.857243
0.533849 0.838515
0.483386 0.572641
0.145093 0.786778
0.974042 0.793927
0.241311 0.829285
0.737539 0.749488
0.747374 0.441486
0.119551 0.457756
0.336172 0.679728
0.417523 0.820308
0.452585 0.674562
0.415489 0.143920
0.677025 0.423620
0.675873 0.982875
0.927113 0.400448
0.840118 0.460963
0.238963 0.323503
0.033604 0.384056
0.110281 0.007646
0.177983 0.351592
0.836931 0.915522
0.101080 0.584304
0.357008 0.220631
0.042060 0.693180
0.900359 0.459583
0.513488 0.352944
0.134145 0.928977
0.496864 0.811170
0.352597 0.172737
0.794044 0.279711
0.573185 0.634162
0.740673 0.812148
0.957665 0.774277
0.196203 0.067947
0.781923 0.374186
0.419538 0.618853
0.289708 0.520618
0.203157 0.646716
0.741249 0.245217
0.339896 0.641608
0.704800 0.853384
0.994553 0.838945
0.782361 0.491416
0.650115 0.134959
0.664154 0.444159
0.414669 0.237339
0.078321 0.155343
0.049487 0.035987
0.929619 0.245690
0.103933 0.711542
0.619876 0.523471
0.330395 0.909584
0.044089 0.533553
0.556300 0.785338
0.778770 0.896196
0.426947 0.483570
0.749581 0.421499
0.322515 0.531942
0.912916 0.972630
0.666901 0.577070
0.416789 0.081570
