100
0.799027 0.252822
0.707212 0.038674
0.814545 0.727642
0.355958 0.216749
0.130900 0.206852
0.809979 0.966188
0.971668 0.770291
0.098487 0.906321
0.461011 0.854759
0.167280 0.810132
0.091537 0.122492
0.502561 0.072607
0.676679 0.945631
0.183904 0.274850
0.488294 0.391646
0.627799 0.287322
0.644468 0.335010
0.325996 0.459013
0.062652 0.681954
0.675762 0.193552
0.888806 0.485741
0.159739 0.860474
0.256032 0.258226
0.766795 0.717042
0.112985 0.934074
0.527175 0.204522
0.056566 0.029736
0.277129 0.733246
0.975367 0.461033
0.008096 0.463661
0.852679 0.635894
0.750983 0.497147
0.970905 0.076979
0.956160 0.033557
0.758933 0.631922
0.227109 0.647738
0.117663 0.386848
0.508212 0.373695
0.645074 0.275007
0.090737 0.758059
0.209081 0.617912
0.962581 0.265648
0.647648 0.239711
0.998893 0.623015
0.700744 0.006989
0.086677 0.553424
0.642883 0.837660
0.050571 0.613788
0.914639 0.006731
0.647345 0.673572
0.638653 0.874454
0.321310 0.756316
0.261301 0.829522
0.130010 0.906376
0.104529 0.220747
0.664435 0.313610
0.838659 0.627016
0.579258 0.486307
0.866727 0.578151
0.109323 0.567471
0.585140 0.195999
0.120895 0.228023
0.033659 0.171466
0.841811 0.948298
0.178197 0.489156
0.621870 0.816850
0.363610 0.943180
0.573166 0.624911
0.772702 0.703176
0.531287 0.877231
0.923923 0.195721
0.190842 0.762583
0.822738 0.770099
0.248890 0.689465
0.348250 0.358213
0.256936 0.933390
0.554212 0.377831
0.161413 0.587871
0.549297 0.003225
0.536170 0.727494
0.492381 0.158040
0.544344 0.855990
0.101220 0.117510
0.480901 0.873923
0.820686 0.012188
0.751154 0.744610
0.207909 0.941996
0.507192 0.030647
0.712095 0.756082
0.720112 0.060345
0.114295 0.977049
0.993735 0.668507
0.354880 0.155149
0.256379 0.904177
0.158373 0.792548
0.631672 0.650754
0.950588 0.176016
0.506744 0.051808
0.293526 0.987646
0.925731 0.114212
