100
0.278952 0.537241
0.653531 0.548397
0.632050 0.865814
0.708179 0.511097
0.334623 0.286954
0.408818 0.971010
0.288376 0.637412
0.410065 0.436015
0.604381 0.232288
0.409605 0.337902
0.363535 0.367251
0.247418 0.219198
0.469335 0.551440
0.929521 0.107304
0.591359 0.467032
0.109738 0.870312
0.004273 0.763270
0.418709 0.636323
0.629084 0.126888
0.147419 0.963707
0.413842 0.556237
0.934718 0.702218
0.193648 0.344783
0.138233 0.798030
0.577070 0.547838
0.135932 0.940605
0.915089 0.383350
0.159803 0.384424
0.934790 0.089324
0.491728 0.526149
0.556355 0.601466
0.396461 0.560628
0.364736 0.815170
0.196951 0.993819
0.942058 0.344370
0.957527 0.355900
0.900606 0.892244
0.058118 0.094255
0.237027 0.196350
0.892285 0.814097
0.744188 0.028216
0.754702 0.659277
0.411567 0.914505
0.043700 0.346357
0.003828 0.535428
0.872506 0.560183
0.136894 0.268967
0.120811 0.501630
0.084138 0.317762
0.495449 0.026195
0.662132 0.452976
0.382095 0.562738
0.345220 0.440212
0.656993 0.582247
0.636563 0.549277
0.396344 0.380751
0.577494 0.151046
0.040027 0.989060
0.065550 0.083728
0.335417 0.069379
0.619156 0.207923
0.629562 0.756050
0.476891 0.750373
0.257680 0.561028
0.068135 0.753130
0.587224 0.730267
0.206106 0.969319
0.293005 0.551326
0.409531 0.949997
0.133573 0.046094
0.499274 0.529917
0.426844 0.076768
0.680962 0.466872
0.065828 0.746513
0.550599 0.401245
0.815891 0.169755
0.609169 0.445453
0.925806 0.086060
0.195827 0.183486
0.647088 0.263962
0.936615 0.234312
0.994229 0.142721
0.203630 0.287233
0.694047 0.613161
0.237231 0.827620
0.659255 0.736505
0.357537 0.086099
0.813273 0.038499
0.552971 0.879101
0.785012 0.103571
0.280347 0.600903
0.273326 0.889516
0.046357 0.199132
0.975575 0.242184
0.382617 0.622663
0.506146 0.319233
0.856975 0.500375
0.461954 0.060605
0.787608 0.156001
0.673766 0.024839
