100
0.283321 0.783452
0.990704 0.662661
0.066127 0.088597
0.810210 0.472177
0.293127 0.346280
0.207266 0.837661
0.018536 0.084399
0.357065 0.314964
0.660996 0.797720
0.940443 0.539321
0.214873 0.053077
0.287867 0.311699
0.424268 0.989699
0.213551 0.476501
0.431968 0.650378
0.508192 0.715290
0.433831 0.498896
0.377951 0.499958
0.587493 0.188161
0.972135 0.880620
0.534442 0.179401
0.718281 0.552978
0.263800 0.075346
0.867942 0.924796
0.873066 0.808385
0.464116 0.087939
0.861462 0.751984
0.399638 0.285730
0.741683 0.613189
0.762231 0.173651
0.263568 0.270423
0.888941 0.697398
0.769319 0.266892
0.197356 0.356812
0.455053 0.169491
0.237432 0.989495
0.348892 0.955713
0.542473 0.612691
0.031059 0.410415
0.537487 0.904125
0.218800 0.001603
0.992064 0.080262
0.753587 0.391702
0.365992 0.495270
0.004892 0.128222
0.668921 0.268459
0.398645 0.557863
0.965857 0.167964
0.824755 0.163213
0.524776 0.279808
0.332704 0.762207
0.269303 0.681595
0.717920 0.811776
0.294287 0.748979
0.222191 0.831774
0.653104 0.440991
0.833377 0.645168
0.521253 0.586964
0.036871 0.887245
0.082235 0.041762
0.015467 0.751156
0.310222 0.414112
0.309019 0.276079
0.582076 0.133773
0.439292 0.106852
0.413581 0.771996
0.869059 0.682884
0.453592 0.586979
0.494661 0.747878
0.335957 0.716852
0.579652 0.989061
0.157842 0.413030
0.634229 0.679095
0.999994 0.671100
0.566340 0.082229
0.712862 0.581807
0.833385 0.023084
0.995919 0.142403
0.299163 0.577995
0.276177 0.738455
0.684846 0.689758
0.510451 0.553905
0.372643 0.964043
0.140884 0.867303
0.711921 0.476841
0.584155 0.291574
0.465903 0.741997
0.704603 0.100132
0.421092 0.704598
0.771232 0.987432
0.786827 0.484094
0.569239 0.620211
0.507178 0.565158
0.762615 0.806340
0.143153 0.038792
0.544795 0.827999
0.728550 0.055246
0.381904 0.101192
0.019289 0.522788
0.968495 0.731210
