100
0.858703 0.004989
0.556122 0.180113
0.425044 0.635784
0.657492 0.316641
0.596293 0.878467
0.196683 0.266466
0.519585 0.718666
0.399015 0.517933
0.665859 0.708367
0.503118 0.826867
0.127365 0.322387
0.750074 0.308939
0.888574 0.191640
0.510558 0.356709
0.332650 0.360352
0.515690 0.191354
0.365341 0.071811
0.371467 0.790385
0.707595 0.028959
0.107026 0.303888
0.907426 0.303709
0.570354 0.427011
0.022375 0.969368
0.944944 0.688234
0.677736 0.448062
0.515102 0.805101
0.770449 0.265175
0.114040 0.659023
0.456816 0.624598
0.015732 0.789466
0.984950 0.531421
0.980819 0.350291
0.603233 0.352286
0.140677 0.310827
0.381245 0.247703
0.614715 0.288671
0.551412 0.185068
0.715682 0.573787
0.154437 0.660626
0.262021 0.832172
0.108688 0.777123
0.637273 0.879137
0.042298 0.751313
0.538160 0.499114
0.375911 0.553892
0.288580 0.360861
0.085313 0.269399
0.711152 0.688546
0.621685 0.851829
0.999373 0.002931
0.099532 0.614088
0.291602 0.650944
0.799156 0.007284
0.224731 0.953593
0.667910 0.486752
0.785765 0.776598
0.263875 0.423039
0.655735 0.306173
0.174352 0.193895
0.805287 0.550263
0.747787 0.093867
0.911124 0.833100
0.363266 0.622276
0.521646 0.984951
0.474105 0.521019
0.987882 0.573637
0.135107 0.279484
0.224581 0.934263
0.286767 0.449311
0.887856 0.954677
0.936063 0.673622
0.731275 0.199939
0.096660 0.387010
0.506112 0.271012
0.580906 0.311399
0.821275 0.328693
0.405267 0.732399
0.161793 0.768533
0.354676 0.683438
0.753484 0.828781
0.204457 0.741366
0.402418 0.339564
0.020850 0.626999
0.273827 0.307617
0.076311 0.161683
0.262294 0.012374
0.835305 0.993569
0.212313 0.931965
0.380579 0.718425
0.202977 0.961485
0.029824 0.024252
0.290178 0.435091
0.756652 0.451970
0.203623 0.111328
0.135408 0.957108
0.940109 0.339866
0.698474 0.342527
0.679429 0.719324
0.969526 0.953256
0.026940 0.045837
