100
0.577109 0.035858
0.024885 0.901495
0.047210 0.205830
0.844368 0.801236
0.939826 0.482526
0.963709 0.703589
0.296908 0.925606
0.864553 0.679800
0.645806 0.190602
0.194566 0.325954
0.801544 0.807071
0.726499 0.674652
0.571835 0.739064
0.592656 0.123930
0.911730 0.689884
0.296438 0.488840
0.725742 0.321323
0.390334 0.772952
0.527153 0.234703
0.574189 0.466979
0.717228 0.537898
0.170567 0.014136
0.463504 0.035120
0.693936 0.109310
0.225722 0.888502
0.435264 0.027265
0.695573 0.161763
0.701917 0.267407
0.900827 0.294573
0.391337 0.812557
0.984457 0.687775
0.301397 0.710199
0.009099 0.691731
0.483152 0.536252
0.926433 0.057341
0.003231 0.643662
0.595238 0.173798
0.657797 0.058743
0.208918 0.351734
0.168052 0.434640
0.240235 0.603317
0.461905 0.935808
0.765080 0.163822
0.203215 0.665906
0.458395 0.594553
0.478463 0.442852
0.282328 0.779860
0.153051 0.291427
0.471591 0.636203
0.827678 0.398024
0.693543 0.830909
0.041686 0.288782
0.004707 0.699483
0.347524 0.213625
0.051217 0.515577
0.648265 0.291452
0.118893 0.110171
0.227260 0.883973
0.273993 0.430476
0.549879 0.732388
0.025028 0.028342
0.175240 0.307356
0.808202 0.328292
0.598783 0.279793
0.964495 0.426461
0.677817 0.658038
0.257370 0.719503
0.946820 0.262077
0.418986 0.294344
0.475703 0.470203
0.809921 0.123968
0.761656 0.928814
0.234139 0.988916
0.812787 0.508132
0.419392 0.362666
0.240520 0.444420
0.391009 0.415761
0.751777 0.199211
0.744052 0.350560
0.479004 0.708547
0.777021 0.156821
0.366585 0.034391
0.876324 0.313405
0.296469 0.295310
0.607749 0.772171
0.765514 0.417669
0.896140 0.527169
0.346484 0.130278
0.516085 0.159271
0.638410 0.935477
0.521937 0.878931
0.379897 0.912945
0.294691 0.131674
0.112156 0.038743
0.482233 0.591160
0.747290 0.259254
0.747981 0.113875
0.293645 0.624305
0.427280 0.590114
0.919615 0.035028
