100
0.646925 0.132850
0.751955 0.744584
0.406580 0.661809
0.288293 0.736045
0.128696 0.376373
0.403677 0.838997
0.050367 0.200278
0.586828 0.172291
0.253833 0.459263
0.293657 0.244846
0.803025 0.510490
0.340256 0.558292
0.236698 0.150902
0.686431 0.646467
0.865380 0.516108
0.048977 0.512305
0.648958 0.800931
0.256889 0.055539
0.462740 0.545182
0.791583 0.591436
0.921555 0.195260
0.430433 0.971922
0.395538 0.017261
0.144214 0.649371
0.476524 0.437871
0.894217 0.279550
0.948361 0.234473
0.837842 0.185059
0.385375 0.524273
0.831526 0.250755
0.040381 0.880503
0.763060 0.689339
0.681434 0.019949
0.744878 0.144175
0.565130 0.536461
0.735611 0.486685
0.731721 0.166043
0.458608 0.127259
0.183305 0.602821
0.776629 0.659829
0.040692 0.670847
0.939379 0.989053
0.905320 0.777220
0.174113 0.290695
0.301493 0.005639
0.541450 0.341874
0.886142 0.304510
0.031213 0.567576
0.324459 0.776091
0.711751 0.889589
0.312552 0.447361
0.376275 0.044272
0.613405 0.834882
0.171531 0.796709
0.437703 0.948160
0.456538 0.478395
0.619007 0.395917
0.467449 0.524327
0.173137 0.641561
0.815022 0.474630
0.647201 0.356473
0.816504 0.533343
0.660983 0.847717
0.100919 0.985442
0.623807 0.812670
0.875031 0.936359
0.260031 0.251306
0.980631 0.873436
0.086189 0.152162
0.670145 0.523892
0.100323 0.126684
0.002288 0.719330
0.522600 0.469736
0.243657 0.695738
0.111298 0.058679
0.170368 0.758498
0.415152 0.986872
0.291841 0.076135
0.834589 0.392760
0.061577 0.458396
0.205430 0.936609
0.394755 0.465461
0.187915 0.375387
0.338897 0.274103
0.527549 0.009043
0.797995 0.627872
0.135726 0.800283
0.347202 0.658327
0.270019 0.590859
0.354065 0.381317
0.649538 0.524433
0.139815 0.064690
0.511305 0.431656
0.140825 0.345894
0.824416 0.202402
0.804290 0.029846
0.139011 0.199046
0.495307 0.326926
0.574432 0.834205
0.601029 0.101982
