100
0.859396 0.142288
0.715560 0.474466
0.832779 0.996519
0.026099 0.229679
0.814655 0.137795
0.005848 0.075598
0.498905 0.886397
0.425961 0.860420
0.676785 0.140943
0.628635 0.883455
0.882439 0.199151
0.387964 0.850101
0.291498 0.245120
0.984954 0.964988
0.885017 0.118075
0.166813 0.744413
0.260363 0.882373
0.218878 0.093141
0.878893 0.244978
0.322820 0.693547
0.382773 0.328668
0.769145 0.881677
0.215065 0.195106
0.742097 0.891850
0.336049 0.370732
0.775305 0.218488
0.569884 0.163270
0.068590 0.861382
0.408389 0.053544
0.826370 0.293407
0.171619 0.993184
0.037819 0.431981
0.875557 0.256698
0.525123 0.754449
0.501676 0.847942
0.447997 0.884448
0.176610 0.217142
0.766126 0.391675
0.412248 0.508223
0.283525 0.748298
0.878956 0.058831
0.966786 0.448839
0.222100 0.035376
0.310222 0.630490
0.088920 0.136592
0.923896 0.260539
0.129776 0.961716
0.692520 0.005332
0.218414 0.217643
0.759781 0.720089
0.065585 0.207778
0.604538 0.242195
0.424920 0.370663
0.633870 0.837168
0.878887 0.917396
0.585466 0.757842
0.976226 0.552252
0.206682 0.198326
0.587628 0.516903
0.828816 0.676548
0.653495 0.752712
0.937086 0.783271
0.714428 0.629606
0.788603 0.932842
0.847249 0.548384
0.652931 0.912834
0.756162 0.257468
0.155029 0.181082
0.628132 0.788899
0.018251 0.507018
0.706295 0.603717
0.264860 0.682521
0.155968 0.471542
0.880847 0.743596
0.988445 0.709664
0.420144 0.641940
0.462376 0.357230
0.425211 0.176804
0.986836 0.213814
0.109645 0.834085
0.762198 0.762576
0.746918 0.518361
0.020044 0.901947
0.699443 0.648176
0.690846 0.717694
0.155194 0.397141
0.321410 0.420055
0.079662 0.477379
0.891597 0.960509
0.220975 0.880042
0.670173 0.641118
0.521983 0.132549
0.998348 0.947194
0.309353 0.985184
0.161008 0.418998
0.819269 0.923206
0.181574 0.566188
0.441567 0.201618
0.468135 0.141010
0.849795 0.158981
