100
0.814408 0.495110
0.236913 0.863895
0.531097 0.166532
0.109585 0.635030
0.878074 0.729461
0.158502 0.208469
0.639045 0.202591
0.742022 0.195346
0.987930 0.520792
0.091542 0.414876
0.004362 0.841123
0.836376 0.326877
0.373065 0.749292
0.299507 0.039965
0.326361 0.716296
0.121535 0.140770
0.211407 0.358448
0.004665 0.742504
0.524980 0.114250
0.377534 0.403054
0.843711 0.536036
0.611523 0.482756
0.738627 0.353545
0.678101 0.726557
0.874337 0.769644
0.141433 0.878700
0.610766 0.977809
0.205577 0.983831
0.727101 0.505084
0.023796 0.053462
0.221381 0.145332
0.194232 0.432788
0.503780 0.198897
0.175291 0.028760
0.313147 0.552826
0.431814 0.156857
0.088862 0.043337
0.639613 0.827489
0.396882 0.317714
0.554045 0.271220
0.087358 0.695478
0.149919 0.698124
0.673287 0.355496
0.681955 0.400387
0.860581 0.705752
0.453849 0.081961
0.851083 0.648081
0.514749 0.354863
0.846978 0.690040
0.383623 0.160125
0.242866 0.815436
0.316982 0.331727
0.858773 0.956595
0.159216 0.255656
0.274309 0.713261
0.526876 0.361667
0.408739 0.676795
0.059791 0.082026
0.032292 0.741746
0.482413 0.892872
0.447498 0.936262
0.974834 0.298581
0.584343 0.489583
0.653444 0.431321
0.179623 0.037067
0.591446 0.422489
0.852503 0.908428
0.754216 0.711277
0.865022 0.913432
0.966933 0.139331
0.626693 0.493809
0.500998 0.035432
0.170604 0.560789
0.117458 0.202896
0.302535 0.599871
0.095768 0.750033
0.536133 0.070602
0.048615 0.120476
0.560185 0.702059
0.551798 0.739808
0.739126 0.143244
0.162296 0.591629
0.051671 0.916513
0.302906 0.916694
0.829945 0.269839
0.056025 0.456638
0.763647 0.557023
0.492071 0.934251
0.117812 0.609529
0.137147 0.420347
0.209399 0.232915
0.170380 0.745533
0.303517 0.218995
0.866009 0.863701
0.921053 0.417807
0.603509 0.660179
0.561051 0.765806
0.251808 0.612722
0.682318 0.554714
0.529416 0.512263
