100
0.426474 0.317437
0.439258 0.622813
0.595937 0.192699
0.711836 0.122442
0.365293 0.341885
0.347725 0.287379
0.427897 0.749996
0.877915 0.397007
0.449923 0.991786
0.980989 0.743944
0.579665 0.561033
0.549438 0.348012
0.075979 0.324731
0.055895 0.352134
0.907261 0.404348
0.270089 0.333736
0.721785 0.709347
0.956549 0.317722
0.902046 0.668385
0.440164 0.267339
0.010270 0.787889
0.554718 0.438167
0.537885 0.432634
0.835174 0.987807
0.424419 0.816163
0.731751 0.004085
0.377197 0.281189
0.352097 0.453175
0.605920 0.407992
0.805309 0.513182
0.812339 0.075398
0.846917 0.534124
0.784744 0.803466
0.851846 0.686790
0.471851 0.292010
0.954129 0.482121
0.079899 0.508847
0.920289 0.617783
0.941481 0.755463
0.605591 0.365900
0.571626 0.337342
0.369985 0.948823
0.618531 0.722082
0.401998 0.224452
0.130073 0.207307
0.737633 0.942412
0.282705 0.584550
0.476537 0.067449
0.388017 0.328383
0.754239 0.859868
0.620393 0.708368
0.341989 0.700292
0.217216 0.262278
0.318076 0.158697
0.017741 0.923666
0.524597 0.589367
0.261008 0.894582
0.538190 0.879539
0.616663 0.940188
0.103991 0.746736
0.147496 0.841624
0.689149 0.430201
0.426175 0.165685
0.497650 0.814191
0.494068 0.251889
0.674059 0.114462
0.960257 0.016048
0.814754 0.177473
0.278325 0.132830
0.336170 0.296066
0.056496 0.860766
0.885433 0.317504
0.755348 0.423623
0.197043 0.372011
0.363811 0.301034
0.118747 0.511307
0.142658 0.807896
0.941507 0.568833
0.973582 0.439157
0.383024 0.467650
0.691046 0.057083
0.582112 0.651304
0.073131 0.396866
0.828777 0.351456
0.529695 0.164946
0.647521 0.586191
0.025713 0.532954
0.903695 0.781061
0.956577 0.100738
0.153072 0.320388
0.401773 0.271820
0.831695 0.544431
0.079716 0.773202
0.113264 0.053297
0.212359 0.496288
0.520947 0.903406
0.553371 0.103059
0.554709 0.626502
0.499925 0.383486
0.977958 0.029620
