100
0.114939 0.289234
0.058211 0.950244
0.282803 0.270523
0.882209 0.663383
0.988948 0.085186
0.624868 0.018772
0.109439 0.915045
0.453863 0.866090
0.367015 0.657486
0.977418 0.502424
0.614594 0.917527
0.842289 0.313068
0.260054 0.521718
0.032391 0.229580
0.474975 0.059332
0.275417 0.589914
0.348566 0.333628
0.540158 0.631369
0.604151 0.422367
0.294752 0.593099
0.507553 0.919619
0.611871 0.616992
0.834664 0.065734
0.483083 0.201679
0.723220 0.460501
0.704103 0.337813
0.378027 0.546392
0.650881 0.638081
0.068111 0.683272
0.867661 0.543085
0.742603 0.143078
0.132999 0.091169
0.476705 0.673157
0.722538 0.080856
0.095524 0.017290
0.673955 0.603077
0.936909 0.285826
0.220070 0.771573
0.351560 0.703152
0.973252 0.074780
0.163653 0.677355
0.412593 0.541680
0.223748 0.063474
0.179761 0.291858
0.746746 0.047422
0.834944 0.489349
0.190500 0.967943
0.580518 0.667205
0.641100 0.303056
0.748062 0.736624
0.320346 0.422017
0.339701 0.257254
0.707843 0.559771
0.028827 0.059404
0.262923 0.002080
0.134183 0.426576
0.679435 0.546776
0.968256 0.903183
0.610250 0.148017
0.195041 0.356996
0.195439 0.029985
0.846345 0.385939
0.997927 0.426863
0.053144 0.639027
0.729919 0.801206
0.375651 0.050265
0.223223 0.715352
0.307520 0.931066
0.275123 0.336347
0.990470 0.538047
0.338427 0.124653
0.964622 0.017862
0.671429 0.932878
0.921044 0.281680
0.080895 0.116085
0.638676 0.276334
0.146070 0.485020
0.662273 0.143997
0.911884 0.715417
0.783024 0.641803
0.516623 0.158675
0.692068 0.739846
0.874028 0.999588
0.670912 0.149151
0.335935 0.661381
0.687197 0.674361
0.786034 0.651820
0.692223 0.457464
0.584698 0.613267
0.739143 0.665594
0.729353 0.377819
0.941928 0.875423
0.862839 0.604202
0.019420 0.774723
0.319619 0.802444
0.416526 0.836242
0.961119 0.108594
0.576087 0.835147
0.108182 0.246999
0.984298 0.444116
