200
0.451479 0.213557
0.869711 0.694431
0.434302 0.408937
0.162994 0.624229
0.029073 0.131539
0.090671 0.254497
0.792641 0.082689
0.740862 0.321502
0.734074 0.368750
0.463726 0.569226
0.222182 0.730403
0.241586 0.668269
0.094584 0.537467
0.310095 0.871781
0.183139 0.024646
0.295836 0.634618
0.238204 0.165547
0.329049 0.672505
0.574484 0.492044
0.296734 0.603557
0.623583 0.387405
0.858054 0.416225
0.470094 0.598916
0.737727 0.204168
0.967666 0.201453
0.773394 0.189849
0.931856 0.014981
0.858118 0.026440
0.552448 0.168213
0.898221 0.735587
0.192859 0.194056
0.370205 0.431063
0.359603 0.699254
0.103568 0.934087
0.191298 0.400302
0.537644 0.814881
0.787707 0.395698
0.231106 0.257801
0.994615 0.968832
0.461968 0.962281
0.170285 0.235363
0.152129 0.102141
0.250343 0.010247
0.128581 0.802791
0.178460 0.026802
0.538378 0.371319
0.220858 0.908583
0.802382 0.580462
0.607838 0.905949
0.514549 0.799136
0.306251 0.052194
0.614017 0.093958
0.447892 0.845122
0.351759 0.442507
0.813955 0.813727
0.404787 0.984240
0.049090 0.556917
0.086381 0.299433
0.567164 0.214962
0.102224 0.745624
0.241764 0.640602
0.116943 0.462622
0.549186 0.919325
0.043084 0.157023
0.825274 0.557633
0.956159 0.131526
0.609827 0.570175
0.225483 0.057719
0.415298 0.577242
0.500226 0.229253
0.390969 0.905013
0.213492 0.440059
0.461930 0.299873
0.739492 0.029094
0.514835 0.841716
0.774718 0.756599
0.482318 0.891661
0.219222 0.031504
0.810986 0.262306
0.188527 0.636260
0.819939 0.144685
0.767786 0.429767
0.714861 0.993269
0.487485 0.130159
0.570511 0.987711
0.359411 0.961480
0.892724 0.572904
0.401539 0.354654
0.872777 0.141030
0.383747 0.387612
0.982746 0.158465
0.144212 0.465064
0.050126 0.363434
0.496568 0.861112
0.625740 0.685095
0.497373 0.445679
0.829780 0.265159
0.875446 0.544641
0.258428 0.362931
0.674800 0.828940
0.350642 0.034211
0.790420 0.243366
0.607115 0.191959
0.598020 0.479892
0.332990 0.981767
0.867504 0.315736
0.140233 0.011716
0.780800 0.190359
0.375150 0.277368
0.051471 0.000889
0.962463 0.548844
0.446568 0.792244
0.814003 0.322014
0.336885 0.072431
0.684945 0.011685
0.901370 0.035588
0.045896 0.691791
0.278954 0.653011
0.883750 0.876974
0.132902 0.216739
0.858741 0.000406
0.532475 0.998974
0.012122 0.313275
0.189333 0.387272
0.590643 0.240804
0.388161 0.553106
0.789648 0.834730
0.345350 0.603651
0.156744 0.682235
0.676082 0.841689
0.693920 0.577452
0.877277 0.739815
0.269243 0.156231
0.392826 0.152992
0.033205 0.525728
0.369732 0.891946
0.526135 0.902207
0.890920 0.538257
0.215482 0.080253
0.925529 0.806125
0.321057 0.313690
0.359232 0.110705
0.148420 0.704582
0.714356 0.305163
0.386816 0.390438
0.146853 0.080736
0.967891 0.024129
0.820551 0.237134
0.180360 0.213377
0.390126 0.213565
0.739106 0.759858
0.105510 0.265241
0.662064 0.996430
0.803498 0.877546
0.076683 0.729026
0.683671 0.397740
0.042716 0.042903
0.508446 0.191136
0.747484 0.222802
0.496299 0.134301
0.613240 0.643152
0.215037 0.581131
0.667281 0.035588
0.818265 0.847641
0.248965 0.208391
0.061206 0.988071
0.968248 0.166717
0.253312 0.630312
0.163147 0.056809
0.507858 0.239830
0.785836 0.191530
0.637570 0.828552
0.234432 0.146015
0.019688 0.981917
0.368817 0.515987
0.116217 0.982058
0.159139 0.331254
0.563189 0.826421
0.366842 0.381453
0.674062 0.615807
0.589844 0.735268
0.603878 0.558092
0.901985 0.857190
0.188404 0.065131
0.913999 0.696263
0.304961 0.699835
0.887792 0.942531
0.528387 0.122224
0.088546 0.548075
0.104141 0.457363
0.064063 0.220358
0.439421 0.223202
0.551612 0.002610
0.049622 0.918454
0.384063 0.723684
0.534261 0.973906
0.458952 0.138140
0.531998 0.360937
0.995330 0.720402
0.426069 0.909329
