200
0.129271 0.907995
0.905689 0.317322
0.844165 0.218690
0.332965 0.461760
0.833898 0.100078
0.443768 0.237873
0.898606 0.118050
0.793768 0.560910
0.276614 0.313205
0.447550 0.947831
0.464909 0.161242
0.014777 0.879983
0.739483 0.792630
0.271028 0.542393
0.136338 0.522291
0.567084 0.265609
0.430286 0.472773
0.582931 0.274450
0.691463 0.915896
0.736210 0.525361
0.015975 0.179978
0.763235 0.914581
0.298029 0.557003
0.475491 0.574643
0.870208 0.923041
0.522474 0.335117
0.084283 0.537250
0.215100 0.823766
0.329881 0.486128
0.366159 0.466219
0.008418 0.933244
0.731828 0.438704
0.406017 0.314759
0.713154 0.097480
0.230655 0.449365
0.622842 0.246629
0.629343 0.386076
0.161210 0.927372
0.943079 0.636701
0.502014 0.813287
0.559742 0.024488
0.148404 0.644026
0.561738 0.363504
0.467792 0.891619
0.849631 0.833951
0.357837 0.858050
0.767195 0.089665
0.296753 0.173212
0.404423 0.009908
0.270692 0.635078
0.459273 0.893533
0.881708 0.088616
0.279610 0.042918
0.015987 0.222689
0.679620 0.518001
0.035976 0.239362
0.542489 0.184379
0.883388 0.104227
0.547883 0.351180
0.995846 0.397514
0.185131 0.353683
0.255564 0.952326
0.443348 0.552317
0.125537 0.847772
0.562225 0.396229
0.482850 0.021497
0.289763 0.364558
0.110113 0.569372
0.407476 0.126100
0.792061 0.087095
0.644101 0.828036
0.326457 0.186590
0.012416 0.209845
0.290818 0.560298
0.561025 0.286664
0.957812 0.746156
0.640347 0.213376
0.698481 0.083695
0.765693 0.824018
0.931467 0.327918
0.220248 0.414317
0.349415 0.510010
0.778874 0.459528
0.079382 0.186350
0.585628 0.871443
0.273446 0.229729
0.699480 0.599903
0.416320 0.711895
0.809748 0.707137
0.272194 0.370773
0.993801 0.230006
0.116929 0.634148
0.443382 0.815410
0.717843 0.209075
0.639428 0.649310
0.536993 0.859676
0.063626 0.886408
0.369686 0.842501
0.345936 0.449068
0.028851 0.931564
0.320512 0.302297
0.161293 0.019991
0.902200 0.577613
0.731887 0.711948
0.284751 0.004081
0.082721 0.278552
0.234087 0.199650
0.912700 0.677469
0.015060 0.630542
0.886544 0.654488
0.279852 0.423536
0.514163 0.343478
0.309944 0.883849
0.185979 0.655880
0.332917 0.214830
0.587444 0.653429
0.517126 0.748737
0.673420 0.419326
0.326351 0.405307
0.131274 0.611101
0.409388 0.213996
0.889653 0.643475
0.413646 0.802352
0.320944 0.428706
0.432895 0.207487
0.083193 0.712747
0.631024 0.597357
0.056225 0.940968
0.481206 0.242204
0.596848 0.814123
0.457033 0.184292
0.467552 0.974159
0.933030 0.140973
0.393485 0.259381
0.546280 0.524760
0.870482 0.955668
0.738756 0.760135
0.599143 0.152401
0.562487 0.920086
0.581107 0.995382
0.127574 0.664301
0.708129 0.758598
0.261657 0.764353
0.699566 0.742863
0.006557 0.296414
0.556987 0.463590
0.480707 0.024539
0.437749 0.413737
0.165512 0.831235
0.673117 0.711792
0.355995 0.543599
0.667460 0.094750
0.303733 0.266603
0.247152 0.866220
0.186689 0.828259
0.861602 0.314263
0.492559 0.569731
0.072861 0.754217
0.334084 0.772427
0.497080 0.340641
0.068841 0.054067
0.804231 0.549548
0.078606 0.241980
0.963284 0.244117
0.073215 0.636401
0.955909 0.429210
0.180000 0.623369
0.523960 0.483734
0.889972 0.771112
0.349954 0.076661
0.599371 0.211556
0.390924 0.091930
0.781287 0.463785
0.846147 0.115371
0.236211 0.343227
0.456012 0.305052
0.397294 0.260243
0.854600 0.475899
0.502224 0.817884
0.720016 0.575439
0.454285 0.675926
0.004648 0.634285
0.299294 0.528609
0.118019 0.189266
0.299721 0.467973
0.265927 0.899091
0.679529 0.656851
0.991022 0.460816
0.120635 0.837169
0.576188 0.356847
0.180396 0.032200
0.661899 0.577690
0.292443 0.516499
0.053589 0.794667
0.334383 0.773605
0.370105 0.788668
0.449531 0.374754
0.422954 0.748825
0.903363 0.540973
0.938091 0.203083
