200
0.407887 0.444497
0.122138 0.998457
0.320570 0.589679
0.557868 0.649045
0.586025 0.662799
0.803963 0.895588
0.352572 0.537366
0.433375 0.599975
0.495905 0.912380
0.320140 0.107052
0.254859 0.104086
0.373485 0.137682
0.169868 0.595407
0.152946 0.877344
0.726449 0.289896
0.454968 0.134336
0.734393 0.577105
0.132792 0.054963
0.166785 0.690660
0.704007 0.752810
0.353459 0.507970
0.648398 0.706031
0.045336 0.081773
0.306006 0.541241
0.994153 0.626146
0.648293 0.249013
0.730232 0.021778
0.386694 0.900100
0.617185 0.539641
0.777444 0.343634
0.829536 0.232411
0.477970 0.563929
0.809517 0.610762
0.618892 0.976302
0.301422 0.322899
0.729112 0.654881
0.830869 0.377510
0.360913 0.876205
0.459283 0.666919
0.417446 0.453436
0.293065 0.065740
0.702449 0.023298
0.087518 0.089143
0.923398 0.704703
0.628784 0.700842
0.048337 0.458321
0.933253 0.526307
0.022250 0.742770
0.137069 0.641142
0.719072 0.438491
0.964042 0.448183
0.093373 0.794911
0.825693 0.454285
0.671116 0.284977
0.121205 0.088563
0.738413 0.414270
0.154302 0.440862
0.437568 0.241820
0.530005 0.360966
0.946524 0.158789
0.061808 0.994861
0.617110 0.995061
0.521168 0.639360
0.737831 0.658237
0.280503 0.456903
0.096728 0.244544
0.905086 0.190101
0.039455 0.730779
0.644386 0.710572
0.015756 0.765591
0.799134 0.754169
0.179861 0.953437
0.195031 0.617428
0.195257 0.725036
0.978394 0.141780
0.883825 0.040202
0.136641 0.500936
0.035263 0.657809
0.140296 0.773094
0.316046 0.420798
0.229997 0.412774
0.665343 0.135083
0.602875 0.704798
0.865863 0.247261
0.415370 0.881619
0.012852 0.214504
0.635788 0.192712
0.167940 0.830819
0.810141 0.363197
0.555855 0.788535
0.504978 0.439680
0.828737 0.641619
0.940616 0.864000
0.299428 0.080911
0.637095 0.615475
0.501710 0.867092
0.028249 0.167053
0.002175 0.631124
0.871851 0.868038
0.878385 0.287220
0.749657 0.891237
0.501724 0.385445
0.083949 0.669664
0.216263 0.894089
0.032862 0.772118
0.682624 0.537840
0.211798 0.511362
0.179459 0.152414
0.375362 0.478887
0.233325 0.012457
0.094362 0.735035
0.879549 0.122611
0.902087 0.881724
0.753735 0.773938
0.749762 0.632120
0.061158 0.499419
0.523356 0.562882
0.884863 0.607305
0.232546 0.101127
0.501395 0.265408
0.873245 0.184019
0.803247 0.085043
0.695381 0.982706
0.237456 0.070743
0.461593 0.470781
0.083200 0.555955
0.205816 0.962748
0.678566 0.107904
0.844472 0.432301
0.881842 0.594234
0.064421 0.943000
0.093653 0.587777
0.505882 0.978516
0.195082 0.738428
0.079643 0.696477
0.003836 0.952888
0.880496 0.807083
0.037930 0.575876
0.789789 0.275387
0.646619 0.251383
0.746168 0.729819
0.807338 0.951984
0.692567 0.485904
0.059888 0.537040
0.918205 0.941730
0.131274 0.982626
0.884729 0.224927
0.570403 0.390611
0.203443 0.765485
0.129038 0.283086
0.461962 0.132874
0.235974 0.342458
0.939957 0.273904
0.918334 0.729746
0.549291 0.564953
0.981129 0.295460
0.294772 0.788466
0.247444 0.987340
0.274370 0.307332
0.524379 0.192576
0.249061 0.655653
0.175201 0.133791
0.880580 0.745604
0.524401 0.084023
0.511090 0.653440
0.367110 0.973052
0.786313 0.603084
0.315510 0.726270
0.876988 0.233844
0.456016 0.426279
0.798798 0.437145
0.721739 0.093570
0.225611 0.969183
0.080909 0.499982
0.276515 0.605289
0.692557 0.525576
0.260942 0.867759
0.659367 0.141522
0.613363 0.183768
0.225545 0.124453
0.837207 0.592655
0.097505 0.623521
0.195738 0.413015
0.349791 0.072726
0.646859 0.805807
0.499006 0.445656
0.242952 0.220744
0.539226 0.468563
0.189927 0.620135
0.968545 0.466442
0.225424 0.661102
0.992018 0.486366
0.528861 0.651385
0.627887 0.142224
0.835153 0.853432
0.266677 0.672360
0.446087 0.364182
0.295881 0.641825
0.777196 0.645672
0.714552 0.424055
