200
0.577935 0.261974
0.667679 0.813839
0.106128 0.358132
0.119674 0.151554
0.668937 0.050142
0.444511 0.126058
0.462312 0.906776
0.989044 0.110718
0.588302 0.923551
0.626160 0.059416
0.490264 0.223072
0.602576 0.166919
0.125377 0.292375
0.149717 0.002688
0.057621 0.242383
0.079516 0.635557
0.504356 0.747195
0.449395 0.610484
0.105327 0.569069
0.762038 0.774264
0.619211 0.206549
0.900322 0.081523
0.113325 0.889366
0.192241 0.701627
0.812917 0.818401
0.761043 0.303181
0.041473 0.363619
0.470100 0.166850
0.655994 0.619817
0.169537 0.713615
0.862200 0.249053
0.349172 0.366556
0.996248 0.798567
0.977040 0.101576
0.367636 0.739078
0.875840 0.986847
0.945627 0.776162
0.068370 0.058951
0.665527 0.260610
0.760578 0.478444
0.079011 0.521621
0.781625 0.120484
0.885240 0.251725
0.287333 0.541234
0.871542 0.456871
0.254849 0.733742
0.705924 0.604020
0.100298 0.702172
0.402587 0.077338
0.803748 0.770223
0.816415 0.679588
0.757070 0.762042
0.455750 0.825439
0.820993 0.121277
0.086049 0.581572
0.599721 0.165060
0.103193 0.381346
0.285544 0.988432
0.633071 0.572878
0.529666 0.504614
0.029748 0.784515
0.238356 0.735672
0.388535 0.338654
0.437844 0.791122
0.415991 0.241592
0.561345 0.232407
0.921180 0.318415
0.994449 0.376930
0.143855 0.815442
0.498207 0.229904
0.397014 0.097928
0.394965 0.500206
0.479274 0.680509
0.488639 0.112345
0.253386 0.018305
0.616959 0.283135
0.802820 0.855314
0.018807 0.191355
0.193968 0.456651
0.982478 0.609960
0.698244 0.543823
0.842366 0.619424
0.862239 0.836815
0.996354 0.006093
0.652257 0.494561
0.235998 0.049271
0.592489 0.630962
0.549477 0.071762
0.311471 0.038116
0.184107 0.564858
0.056420 0.801066
0.847992 0.859240
0.656381 0.866799
0.050596 0.850349
0.323451 0.033073
0.460308 0.021695
0.576897 0.302675
0.641119 0.439135
0.139490 0.637473
0.445229 0.791747
0.132034 0.681226
0.841018 0.724523
0.312189 0.390495
0.796285 0.623660
0.428610 0.980392
0.188517 0.485031
0.781458 0.036509
0.344271 0.437839
0.903309 0.394867
0.288188 0.226759
0.427940 0.748496
0.248454 0.004837
0.051170 0.889573
0.443972 0.190660
0.527046 0.889201
0.982407 0.659080
0.570427 0.823425
0.383602 0.882616
0.213919 0.179887
0.506275 0.642530
0.160280 0.694792
0.127561 0.941738
0.731302 0.471832
0.379577 0.634610
0.866699 0.667765
0.861370 0.294639
0.416261 0.109824
0.299476 0.467431
0.999396 0.743448
0.658091 0.526442
0.632648 0.640498
0.185522 0.203075
0.463922 0.569124
0.085691 0.677842
0.749011 0.591966
0.320371 0.909291
0.286758 0.447932
0.851029 0.018060
0.919764 0.230606
0.652670 0.786462
0.898371 0.514040
0.081101 0.314632
0.623864 0.380577
0.782063 0.623261
0.124024 0.440154
0.149703 0.756673
0.080652 0.335224
0.959748 0.544574
0.904348 0.045439
0.222416 0.653360
0.637405 0.542787
0.562651 0.924164
0.990719 0.413681
0.942224 0.910483
0.644287 0.594894
0.696945 0.542658
0.108935 0.778046
0.857290 0.732799
0.158623 0.639353
0.356059 0.282647
0.079507 0.505762
0.039320 0.160159
0.840986 0.999068
0.704733 0.745335
0.044507 0.927149
0.398695 0.681913
0.469937 0.961346
0.606076 0.460656
0.375026 0.548300
0.371139 0.019313
0.143194 0.068084
0.561972 0.252129
0.846130 0.419262
0.984927 0.004753
0.058615 0.340987
0.287400 0.138122
0.846749 0.326720
0.298281 0.687735
0.325788 0.003014
0.433070 0.370296
0.930163 0.831764
0.052209 0.400100
0.793110 0.658285
0.860756 0.168136
0.206585 0.231895
0.187450 0.349779
0.299979 0.749422
0.601908 0.146109
0.168683 0.586836
0.150862 0.227298
0.927822 0.438262
0.365420 0.774571
0.764982 0.663701
0.462306 0.090771
0.666715 0.895375
0.461067 0.596879
0.727140 0.513275
0.996979 0.520250
0.171560 0.857735
0.688386 0.378146
