200
0.270279 0.371626
0.402768 0.175950
0.917796 0.876173
0.210306 0.061922
0.181032 0.552088
0.289589 0.707260
0.713379 0.938125
0.805573 0.902183
0.584007 0.585297
0.483516 0.630816
0.814707 0.140504
0.069790 0.140298
0.906463 0.190545
0.636751 0.046127
0.021521 0.953768
0.829579 0.291801
0.325394 0.232348
0.467751 0.243190
0.108521 0.678057
0.305113 0.289553
0.230145 0.594702
0.996814 0.943524
0.532826 0.802386
0.845708 0.116833
0.387683 0.329223
0.747649 0.202391
0.469727 0.817440
0.342689 0.376190
0.007985 0.979440
0.422317 0.029506
0.933208 0.251896
0.321307 0.258601
0.484244 0.789058
0.501792 0.592765
0.467114 0.806905
0.882319 0.697259
0.401606 0.879133
0.640783 0.934433
0.681519 0.486491
0.051266 0.069202
0.815714 0.798915
0.271593 0.285441
0.616355 0.614282
0.661631 0.624340
0.593722 0.083948
0.653847 0.526929
0.335844 0.975154
0.785531 0.820088
0.764211 0.287323
0.412854 0.231325
0.094227 0.295173
0.928584 0.495834
0.174305 0.569367
0.430266 0.855824
0.055858 0.481532
0.925027 0.871572
0.280448 0.196620
0.157013 0.896803
0.810902 0.818643
0.521143 0.404623
0.902591 0.174990
0.931552 0.238435
0.150144 0.717083
0.058523 0.914355
0.004406 0.471377
0.145680 0.098633
0.766550 0.074265
0.594467 0.940855
0.643632 0.024733
0.796680 0.699490
0.506265 0.721706
0.571062 0.786713
0.918326 0.728075
0.683515 0.729227
0.546718 0.204659
0.133851 0.449309
0.379649 0.065403
0.687744 0.529792
0.782486 0.746267
0.444147 0.786892
0.217644 0.589827
0.885525 0.984194
0.664092 0.479992
0.925049 0.307724
0.504725 0.721729
0.007214 0.010990
0.443435 0.578276
0.797702 0.361761
0.306350 0.481218
0.090988 0.853068
0.685876 0.224839
0.302377 0.065525
0.290242 0.990120
0.595317 0.072728
0.736387 0.039465
0.859620 0.954032
0.629292 0.745145
0.938226 0.293384
0.225137 0.863275
0.601108 0.729862
0.585004 0.608322
0.740851 0.028440
0.186598 0.538553
0.390201 0.492948
0.019771 0.481189
0.346016 0.705648
0.706028 0.648393
0.771173 0.996269
0.638514 0.366490
0.068998 0.374901
0.405955 0.928618
0.328933 0.035247
0.673763 0.267159
0.328631 0.898900
0.130434 0.929739
0.628761 0.715438
0.538061 0.369613
0.743878 0.724659
0.908166 0.134078
0.217607 0.927937
0.615267 0.563624
0.633585 0.321295
0.212017 0.404758
0.317564 0.850530
0.771248 0.386562
0.225431 0.177203
0.315179 0.554364
0.212450 0.988942
0.821523 0.541081
0.887842 0.951957
0.470820 0.516604
0.667395 0.008881
0.886216 0.411273
0.733541 0.794382
0.545351 0.951148
0.722320 0.160618
0.514771 0.355905
0.481913 0.726788
0.760662 0.799477
0.577318 0.531910
0.186039 0.802750
0.709113 0.501219
0.357114 0.921563
0.490161 0.178637
0.462644 0.378003
0.130593 0.933464
0.894607 0.797988
0.942346 0.780823
0.209261 0.675886
0.575205 0.754612
0.627034 0.297525
0.915231 0.141806
0.653429 0.397144
0.868594 0.414092
0.196621 0.445912
0.946002 0.382660
0.248662 0.655115
0.883879 0.605776
0.576679 0.374040
0.784413 0.039323
0.752043 0.915006
0.972787 0.646650
0.712995 0.915133
0.427473 0.922256
0.591019 0.002678
0.676868 0.218054
0.300203 0.592099
0.359859 0.953632
0.989243 0.228453
0.367724 0.185864
0.674366 0.313726
0.568524 0.923028
0.968841 0.452403
0.528804 0.545520
0.826443 0.313217
0.584842 0.578486
0.228224 0.557629
0.225135 0.941218
0.472762 0.652608
0.863475 0.063781
0.655286 0.540343
0.281835 0.955489
0.132442 0.641695
0.909121 0.121685
0.870148 0.276844
0.307548 0.544514
0.590570 0.876072
0.467542 0.559411
0.328475 0.996346
0.104931 0.154918
0.309563 0.689773
0.733404 0.537787
0.247403 0.958539
0.479005 0.720165
0.611147 0.342480
0.783946 0.266433
0.882823 0.065781
0.221922 0.015264
0.707476 0.131042
0.136949 0.577624
