200
0.007963 0.274098
0.289761 0.662484
0.176773 0.952513
0.430894 0.712374
0.417821 0.633116
0.545005 0.189451
0.119001 0.985632
0.809254 0.943071
0.501114 0.524096
0.183122 0.837648
0.479876 0.110633
0.341109 0.504992
0.209025 0.707358
0.380882 0.309357
0.320846 0.160784
0.812538 0.328809
0.434881 0.102299
0.991293 0.611654
0.054812 0.422187
0.324029 0.472633
0.055303 0.869034
0.662085 0.174304
0.854666 0.471339
0.117375 0.355780
0.995435 0.300497
0.193428 0.475311
0.411130 0.534538
0.980304 0.620155
0.241895 0.361186
0.929512 0.562741
0.521969 0.742050
0.891550 0.956851
0.844349 0.882843
0.568505 0.899161
0.305031 0.892533
0.371794 0.360334
0.761567 0.033879
0.534638 0.616233
0.505218 0.652013
0.972013 0.500653
0.952510 0.165442
0.975964 0.363640
0.699979 0.956268
0.983795 0.941875
0.317454 0.913307
0.504616 0.839423
0.655356 0.396166
0.796274 0.499705
0.279010 0.364778
0.398866 0.584040
0.257312 0.770660
0.944374 0.018879
0.804539 0.479012
0.635112 0.309756
0.131025 0.607125
0.810409 0.083535
0.772567 0.786373
0.447176 0.472546
0.742641 0.430971
0.414421 0.060095
0.344277 0.919037
0.899518 0.999634
0.315203 0.695792
0.499339 0.594213
0.060570 0.898205
0.178253 0.317882
0.668865 0.122627
0.336761 0.473404
0.601639 0.971873
0.783160 0.732664
0.578998 0.593569
0.816199 0.351565
0.379943 0.263375
0.824111 0.122584
0.694346 0.238532
0.182679 0.038623
0.157569 0.082197
0.038257 0.472772
0.777989 0.537596
0.066984 0.838559
0.435801 0.245237
0.156441 0.104666
0.367864 0.493202
0.578070 0.969503
0.465075 0.361231
0.702167 0.044074
0.954800 0.518366
0.395639 0.334743
0.781741 0.219750
0.457327 0.476086
0.458282 0.640005
0.514709 0.615851
0.722202 0.552966
0.088623 0.500191
0.090562 0.155607
0.338750 0.526364
0.400844 0.495191
0.631030 0.768708
0.988393 0.209100
0.738211 0.453469
0.570331 0.440378
0.497542 0.525131
0.958743 0.893181
0.859874 0.740484
0.112931 0.317201
0.216570 0.571213
0.957206 0.731280
0.187064 0.679408
0.284246 0.275686
0.179599 0.374808
0.431293 0.518348
0.901172 0.832137
0.013540 0.532202
0.600845 0.001933
0.741302 0.339056
0.455402 0.311633
0.779433 0.952944
0.836764 0.738177
0.846124 0.696638
0.478661 0.959055
0.013839 0.695231
0.530268 0.971045
0.426510 0.717332
0.650452 0.710756
0.993018 0.830051
0.085564 0.424311
0.348400 0.986736
0.256448 0.361939
0.518938 0.857293
0.363872 0.260240
0.196349 0.819274
0.571873 0.975782
0.772217 0.408637
0.713959 0.618342
0.105275 0.192620
0.577397 0.119114
0.887850 0.107665
0.090159 0.314361
0.824997 0.740611
0.025117 0.818015
0.570662 0.110681
0.242326 0.919062
0.097417 0.498774
0.281001 0.616355
0.356067 0.644873
0.876595 0.552416
0.464146 0.448467
0.528199 0.236364
0.857104 0.242158
0.854705 0.962379
0.434777 0.432102
0.081493 0.322628
0.539767 0.171652
0.636989 0.364764
0.912263 0.662106
0.182778 0.482925
0.772787 0.425104
0.401987 0.870204
0.923878 0.682988
0.486559 0.279945
0.327861 0.363154
0.832361 0.792007
0.811621 0.360560
0.028371 0.668725
0.602717 0.883076
0.631105 0.037495
0.315179 0.712598
0.360122 0.854946
0.884250 0.997111
0.219710 0.796513
0.659217 0.402488
0.279438 0.432003
0.827592 0.681425
0.302207 0.751470
0.364413 0.788767
0.031415 0.692274
0.151920 0.863776
0.484282 0.963541
0.224336 0.512653
0.632267 0.827053
0.395729 0.263371
0.864548 0.710908
0.975969 0.224670
0.565854 0.860219
0.221781 0.785563
0.656732 0.880998
0.188051 0.936170
0.313001 0.015643
0.617595 0.615208
0.767113 0.982008
0.403975 0.798528
0.674282 0.555895
0.662304 0.158564
0.519437 0.886640
0.671217 0.151704
0.713693 0.066946
0.415075 0.578240
0.777854 0.391044
0.802910 0.343708
0.251263 0.024691
