200
0.897990 0.118807
0.251354 0.557517
0.751925 0.243568
0.349204 0.438036
0.101533 0.505755
0.683658 0.495646
0.168728 0.625766
0.457523 0.345040
0.318902 0.332065
0.799021 0.889891
0.143835 0.245294
0.686743 0.501784
0.374041 0.944466
0.160882 0.669693
0.902983 0.428419
0.262051 0.800973
0.547227 0.513405
0.358490 0.299152
0.756973 0.707695
0.737188 0.858506
0.213450 0.420846
0.354152 0.382178
0.046613 0.811675
0.727217 0.365515
0.143740 0.526238
0.255406 0.287575
0.771532 0.942149
0.789360 0.145573
0.886616 0.950241
0.815266 0.789599
0.378661 0.077317
0.590572 0.925887
0.590722 0.949063
0.225039 0.347695
0.656758 0.962227
0.206201 0.870207
0.383073 0.560353
0.252385 0.429686
0.372028 0.979602
0.795201 0.515768
0.505840 0.050607
0.803343 0.277373
0.992756 0.592702
0.422946 0.879372
0.542943 0.238212
0.668971 0.921604
0.315529 0.259543
0.847491 0.906251
0.208606 0.072530
0.253946 0.865363
0.034756 0.460147
0.735571 0.417829
0.020500 0.987955
0.847515 0.392528
0.967558 0.642716
0.908295 0.473398
0.693323 0.711638
0.750771 0.686079
0.304340 0.173717
0.565451 0.847283
0.411929 0.234422
0.768887 0.727458
0.493965 0.616378
0.633709 0.702570
0.688908 0.887655
0.567934 0.723664
0.347802 0.303504
0.141493 0.368302
0.291460 0.989008
0.760830 0.259017
0.631723 0.669125
0.732415 0.325046
0.380763 0.483186
0.011125 0.685103
0.656903 0.576576
0.532386 0.068832
0.810997 0.301273
0.796289 0.304962
0.917651 0.429998
0.007533 0.606559
0.317653 0.575466
0.330222 0.665455
0.878971 0.471715
0.033757 0.170431
0.460723 0.794587
0.429448 0.092446
0.463712 0.161863
0.417492 0.844475
0.645050 0.428617
0.529577 0.301953
0.005193 0.061963
0.370784 0.816190
0.363236 0.167073
0.121152 0.280887
0.597071 0.128685
0.887446 0.914724
0.704151 0.217668
0.580179 0.583122
0.689383 0.613937
0.753553 0.150106
0.408524 0.183001
0.242552 0.872236
0.344864 0.660044
0.716711 0.989914
0.088661 0.246288
0.291866 0.093853
0.308251 0.662650
0.910043 0.671487
0.829723 0.031195
0.952375 0.426794
0.159880 0.839820
0.341518 0.864031
0.057488 0.921697
0.447153 0.746871
0.535634 0.200705
0.896977 0.944158
0.383706 0.139529
0.816394 0.728570
0.799573 0.533104
0.718484 0.888234
0.779392 0.010350
0.982087 0.087643
0.673000 0.892130
0.759131 0.502724
0.923325 0.711505
0.929518 0.083205
0.551325 0.271036
0.947236 0.608813
0.192734 0.394389
0.355685 0.728368
0.595094 0.252662
0.672526 0.978800
0.392191 0.488919
0.707370 0.191764
0.022023 0.425854
0.079998 0.801415
0.436204 0.062085
0.889058 0.109204
0.954215 0.648189
0.611927 0.877540
0.359694 0.541445
0.960745 0.911019
0.812481 0.907982
0.519832 0.005215
0.302370 0.875517
0.733583 0.897465
0.128179 0.406109
0.876265 0.520370
0.895028 0.583635
0.712134 0.917051
0.009489 0.792132
0.718466 0.445692
0.854217 0.607524
0.554896 0.808432
0.255713 0.166823
0.685973 0.615407
0.708268 0.646718
0.526426 0.520750
0.554700 0.046259
0.525965 0.857070
0.921776 0.259548
0.754535 0.049955
0.665657 0.630799
0.570325 0.560684
0.214434 0.282459
0.477735 0.223922
0.074592 0.196201
0.669615 0.928809
0.803726 0.224510
0.737241 0.059439
0.391334 0.423214
0.674846 0.099602
0.069932 0.201272
0.620352 0.624632
0.247531 0.146317
0.481702 0.169307
0.405865 0.236237
0.219262 0.071521
0.867036 0.789587
0.632206 0.081470
0.072047 0.109941
0.305392 0.146638
0.306143 0.975007
0.075448 0.109869
0.199517 0.812689
0.169308 0.590851
0.235903 0.844154
0.690453 0.305836
0.045426 0.310804
0.930468 0.292957
0.457121 0.412170
0.462264 0.862986
0.648406 0.681526
0.934507 0.515442
0.471114 0.566713
0.596912 0.543160
0.676655 0.902304
0.689799 0.982797
0.877311 0.765246
0.092666 0.076828
