200
0.089630 0.875836
0.727925 0.389608
0.625258 0.329833
0.535717 0.793941
0.916669 0.686579
0.021239 0.844492
0.124841 0.386660
0.619063 0.889823
0.050361 0.081368
0.980594 0.717077
0.976744 0.441661
0.313956 0.703884
0.954936 0.310934
0.224133 0.126496
0.168669 0.912520
0.504642 0.258299
0.788356 0.232567
0.647907 0.413614
0.562400 0.183624
0.207555 0.479069
0.870203 0.228794
0.323561 0.995045
0.615454 0.942624
0.884868 0.665816
0.023992 0.865462
0.382892 0.000736
0.307122 0.696848
0.704620 0.262058
0.007782 0.928753
0.388554 0.176451
0.841273 0.893196
0.434750 0.629629
0.125763 0.082657
0.043243 0.688164
0.266281 0.250798
0.167233 0.136484
0.479592 0.490794
0.131529 0.095047
0.433418 0.016397
0.760862 0.457410
0.881859 0.143754
0.458146 0.188981
0.840602 0.162766
0.451039 0.848384
0.091519 0.839594
0.024835 0.932792
0.732790 0.459585
0.562421 0.858553
0.542241 0.605664
0.546717 0.808522
0.856462 0.713950
0.945006 0.336054
0.204744 0.076535
0.431101 0.638162
0.092932 0.191963
0.095572 0.974790
0.335718 0.553718
0.163771 0.176320
0.716484 0.614810
0.024704 0.808003
0.454404 0.049539
0.740795 0.187194
0.509124 0.303216
0.045747 0.051366
0.908880 0.592464
0.859888 0.765342
0.306414 0.804894
0.101397 0.511158
0.881430 0.532498
0.149320 0.974361
0.724461 0.244892
0.949152 0.060179
0.798610 0.112923
0.236499 0.515094
0.727733 0.261203
0.323096 0.182137
0.310742 0.063891
0.369331 0.819866
0.367107 0.415078
0.871232 0.275988
0.007542 0.731120
0.041330 0.313956
0.536015 0.142727
0.825114 0.417444
0.675224 0.974434
0.391806 0.399685
0.219326 0.340957
0.459864 0.017936
0.453880 0.696363
0.533030 0.181613
0.957565 0.856126
0.363750 0.268307
0.920017 0.733081
0.088174 0.287125
0.148160 0.959406
0.563112 0.155702
0.690527 0.604442
0.469658 0.226541
0.747169 0.294773
0.643986 0.422393
0.269207 0.035791
0.822079 0.488533
0.376748 0.281943
0.506469 0.830628
0.978306 0.039499
0.012241 0.935871
0.895625 0.375992
0.204178 0.815642
0.109073 0.292352
0.102767 0.257232
0.251758 0.665879
0.412934 0.942285
0.270322 0.882593
0.168826 0.017491
0.177365 0.812812
0.439884 0.446572
0.848603 0.261963
0.935105 0.225351
0.543906 0.441575
0.055979 0.522211
0.481074 0.068220
0.458082 0.376699
0.444212 0.662261
0.192341 0.553285
0.954613 0.295108
0.810517 0.206371
0.960987 0.223452
0.148656 0.231309
0.106044 0.317482
0.248800 0.283409
0.130294 0.688684
0.729982 0.978896
0.950647 0.665087
0.204247 0.494553
0.106662 0.260226
0.016765 0.587736
0.328447 0.474847
0.964434 0.772659
0.137107 0.156775
0.325944 0.091720
0.451883 0.136461
0.298091 0.412871
0.359912 0.446747
0.644180 0.465957
0.764229 0.892980
0.749366 0.894522
0.581664 0.479348
0.873419 0.532311
0.144435 0.077666
0.026864 0.251097
0.337892 0.043628
0.838832 0.666339
0.518475 0.803267
0.438998 0.655582
0.960042 0.764941
0.747302 0.411925
0.901402 0.045393
0.824796 0.261315
0.492140 0.468976
0.727271 0.256369
0.361956 0.476638
0.150891 0.943619
0.955985 0.024310
0.475930 0.100420
0.101975 0.502794
0.351517 0.439868
0.546423 0.190349
0.106206 0.064898
0.993616 0.545204
0.720480 0.953658
0.310146 0.467783
0.365583 0.211548
0.513176 0.190379
0.472863 0.005316
0.659355 0.200134
0.261685 0.021311
0.676772 0.412576
0.964930 0.632757
0.436886 0.440861
0.733177 0.538861
0.943655 0.084694
0.978729 0.490078
0.275043 0.084935
0.554975 0.268659
0.630140 0.275456
0.222317 0.940285
0.743238 0.587900
0.151833 0.256414
0.778279 0.624696
0.261730 0.437634
0.824830 0.523415
0.458945 0.501602
0.935992 0.423875
0.134359 0.372878
0.864736 0.867537
0.911739 0.808391
0.952230 0.890468
0.298469 0.227274
0.975403 0.853444
0.495932 0.605543
