200
0.416665 0.731030
0.609164 0.304457
0.673561 0.137551
0.426682 0.762107
0.685626 0.530823
0.219470 0.749689
0.751181 0.658891
0.972891 0.302793
0.661501 0.022513
0.221247 0.045564
0.746198 0.755509
0.019470 0.205150
0.893649 0.551469
0.566087 0.888978
0.271871 0.992156
0.798308 0.688536
0.723185 0.407472
0.992993 0.396746
0.545023 0.419675
0.158853 0.230649
0.950497 0.378323
0.980338 0.701678
0.037214 0.953229
0.004471 0.698715
0.975742 0.225718
0.744279 0.721939
0.981227 0.763749
0.927089 0.874876
0.315218 0.493177
0.763854 0.587089
0.485332 0.562162
0.275625 0.208518
0.969633 0.268618
0.605264 0.514656
0.688293 0.764116
0.745305 0.638790
0.142439 0.725643
0.340468 0.179653
0.678872 0.344940
0.878368 0.654613
0.570658 0.622647
0.376553 0.551885
0.386396 0.303642
0.426761 0.701613
0.796819 0.190615
0.288702 0.282151
0.752776 0.564326
0.490668 0.722410
0.832944 0.095932
0.237066 0.521237
0.860048 0.982371
0.160027 0.002487
0.708014 0.500496
0.182140 0.386886
0.845435 0.060508
0.041500 0.416093
0.683154 0.418052
0.967978 0.069550
0.721695 0.394739
0.771163 0.518513
0.585354 0.059864
0.800664 0.338130
0.624191 0.291332
0.060540 0.457135
0.387264 0.297606
0.978372 0.247312
0.279977 0.138399
0.249799 0.987991
0.638894 0.431939
0.374877 0.484330
0.492447 0.416377
0.900423 0.175601
0.834430 0.868402
0.245151 0.556124
0.263140 0.016314
0.074637 0.848494
0.076178 0.875301
0.186624 0.700369
0.166634 0.247164
0.157504 0.553898
0.544769 0.135875
0.801210 0.824746
0.274274 0.051010
0.812737 0.913169
0.482949 0.187615
0.397498 0.975396
0.603992 0.297922
0.150997 0.438422
0.166323 0.396148
0.994546 0.429464
0.412462 0.069183
0.277958 0.488640
0.944485 0.464582
0.189009 0.111118
0.711745 0.346513
0.665016 0.256515
0.482388 0.466227
0.081261 0.756663
0.517237 0.893998
0.669831 0.000186
0.081613 0.067330
0.975582 0.685605
0.365251 0.126579
0.124027 0.531574
0.522727 0.118573
0.961038 0.935189
0.187756 0.238996
0.423829 0.132240
0.703577 0.612838
0.243359 0.415323
0.959352 0.908375
0.671837 0.441740
0.374602 0.753098
0.198403 0.891839
0.647096 0.868234
0.892025 0.728709
0.935564 0.867606
0.414314 0.300815
0.994185 0.538341
0.832390 0.516912
0.656914 0.793428
0.452101 0.844669
0.032424 0.875930
0.976910 0.736001
0.488769 0.220269
0.151324 0.448120
0.128644 0.823161
0.889860 0.503246
0.576260 0.088263
0.395085 0.223356
0.956497 0.287110
0.952065 0.892061
0.154716 0.366380
0.192876 0.148901
0.904721 0.025266
0.665814 0.561634
0.818694 0.117915
0.406304 0.851117
0.993845 0.383214
0.587118 0.482614
0.603482 0.738442
0.930735 0.732126
0.561604 0.820595
0.235372 0.137863
0.908858 0.630457
0.361219 0.865355
0.917567 0.313285
0.757416 0.072283
0.679664 0.950292
0.221185 0.584385
0.975558 0.886998
0.146019 0.794252
0.004913 0.552323
0.645369 0.998759
0.935537 0.232487
0.481373 0.539019
0.970930 0.412107
0.271145 0.532533
0.232702 0.506518
0.670397 0.141560
0.136975 0.031616
0.006915 0.054542
0.344900 0.764331
0.126825 0.024565
0.714623 0.348010
0.608950 0.690181
0.235008 0.754969
0.484432 0.239922
0.307292 0.129801
0.238680 0.242829
0.362289 0.720053
0.781848 0.333218
0.132161 0.052993
0.865752 0.364863
0.559511 0.536148
0.506423 0.696486
0.567764 0.513338
0.751028 0.912664
0.277669 0.877853
0.937229 0.992292
0.225863 0.546179
0.682473 0.460871
0.301148 0.166905
0.700793 0.608440
0.296707 0.939474
0.851270 0.658995
0.659527 0.633118
0.992214 0.791687
0.686111 0.857965
0.156550 0.245622
0.394113 0.662973
0.942108 0.961877
0.176312 0.693136
0.874541 0.453981
0.570989 0.811770
0.446273 0.796852
0.357949 0.128746
0.257723 0.659097
0.295652 0.958517
0.267538 0.592359
