200
0.128899 0.718249
0.545828 0.872138
0.306148 0.697662
0.128552 0.084427
0.322358 0.390282
0.522061 0.147188
0.913697 0.981006
0.648791 0.849689
0.404881 0.783150
0.222567 0.269618
0.650687 0.134306
0.078009 0.602917
0.024774 0.376477
0.830191 0.000177
0.229921 0.326123
0.605720 0.358820
0.044372 0.151549
0.230958 0.350520
0.849211 0.359510
0.434948 0.171569
0.749792 0.957009
0.318757 0.663489
0.938015 0.967548
0.513178 0.342896
0.750698 0.735745
0.612514 0.401385
0.870051 0.690522
0.004302 0.894825
0.067000 0.834492
0.895002 0.296921
0.160615 0.500723
0.655741 0.204987
0.652271 0.886699
0.555507 0.501482
0.246208 0.990455
0.673050 0.996000
0.947463 0.991807
0.659489 0.885478
0.959355 0.172667
0.228375 0.710053
0.908413 0.840889
0.111438 0.778464
0.531411 0.115739
0.673288 0.598411
0.950231 0.568291
0.895331 0.110847
0.069013 0.551072
0.315833 0.721285
0.437771 0.871341
0.222766 0.683979
0.861795 0.895817
0.679979 0.809259
0.887624 0.339468
0.694737 0.846980
0.512136 0.923112
0.557033 0.420548
0.764000 0.668470
0.199012 0.295411
0.784210 0.872300
0.893822 0.734441
0.440591 0.789153
0.845288 0.509604
0.340225 0.161121
0.230889 0.777995
0.032462 0.453655
0.461975 0.894257
0.349472 0.141954
0.703516 0.237096
0.481422 0.398253
0.084076 0.993557
0.321364 0.641109
0.414106 0.085365
0.309579 0.613118
0.380776 0.093789
0.485418 0.274597
0.828230 0.926009
0.063750 0.673517
0.435613 0.403975
0.834638 0.666502
0.181971 0.867100
0.120157 0.643945
0.761357 0.469629
0.785899 0.464873
0.706725 0.267320
0.863125 0.790801
0.260878 0.184489
0.431910 0.674984
0.269854 0.741489
0.288101 0.650630
0.835277 0.773519
0.925227 0.663507
0.699528 0.988977
0.337024 0.135141
0.392953 0.171663
0.801643 0.574923
0.038763 0.921800
0.218868 0.800120
0.391430 0.004767
0.264992 0.098155
0.272087 0.128117
0.888957 0.532965
0.312607 0.320866
0.207949 0.582461
0.062355 0.496050
0.233090 0.897633
0.269569 0.158317
0.561140 0.969097
0.147295 0.898164
0.104239 0.540248
0.069827 0.905882
0.115171 0.108589
0.827682 0.334039
0.908709 0.219112
0.338806 0.173701
0.317267 0.610893
0.301818 0.206224
0.143858 0.614425
0.527090 0.351807
0.196885 0.589446
0.847857 0.429976
0.487078 0.117426
0.588293 0.048218
0.086523 0.735588
0.946382 0.190761
0.275835 0.016209
0.096643 0.391006
0.124798 0.924326
0.725045 0.033507
0.143438 0.063850
0.207208 0.460705
0.674743 0.509026
0.666929 0.818601
0.123450 0.194019
0.170408 0.320336
0.783464 0.018265
0.750311 0.270543
0.135690 0.338604
0.318761 0.222213
0.074192 0.265143
0.412974 0.350027
0.281352 0.509618
0.741033 0.406150
0.433943 0.466078
0.439657 0.577381
0.529929 0.646864
0.038086 0.204672
0.155890 0.705015
0.023273 0.279340
0.899033 0.193681
0.599676 0.682498
0.211946 0.349987
0.953040 0.347636
0.688591 0.271801
0.569849 0.762783
0.536944 0.982823
0.112810 0.818296
0.492441 0.853844
0.224446 0.926384
0.319922 0.664103
0.503765 0.849851
0.310968 0.541851
0.054523 0.466858
0.246866 0.077796
0.746198 0.145899
0.271477 0.345874
0.828397 0.483423
0.695861 0.781438
0.831059 0.384452
0.053239 0.400908
0.147235 0.590183
0.383731 0.260046
0.408480 0.876172
0.113890 0.632926
0.802556 0.433812
0.297029 0.306322
0.283663 0.607997
0.848173 0.338185
0.074854 0.095039
0.415981 0.821053
0.240938 0.687459
0.166927 0.069336
0.170882 0.862788
0.850773 0.001941
0.247240 0.904012
0.402849 0.394475
0.494196 0.786580
0.654521 0.902675
0.662752 0.768410
0.535601 0.465308
0.202222 0.832631
0.771630 0.485885
0.440627 0.619803
0.824070 0.515482
0.714842 0.240052
0.336534 0.955780
0.927510 0.503461
0.025116 0.098392
0.366248 0.875889
0.100332 0.613488
0.779902 0.503181
