30
0.688936 0.054894
0.823724 0.522832
0.923482 0.411838
0.825305 0.031558
0.909946 0.339921
0.663918 0.993753
0.068365 0.339766
0.021372 0.684159
0.234233 0.342595
0.254347 0.433309
0.861768 0.489675
0.334917 0.677408
0.163277 0.251731
0.651936 0.369318
0.812845 0.682995
0.580095 0.501782
0.737889 0.403819
0.024614 0.661371
0.815657 0.849919
0.692929 0.725603
0.189840 0.356847
0.719356 0.258205
0.696613 0.740728
0.942365 0.930846
0.083323 0.196712
0.364155 0.945090
0.686386 0.699072
0.622498 0.849663
0.950803 0.274434
0.218981 0.763649
