30
0.351314 0.769982
0.204471 0.433501
0.659315 0.676546
0.400400 0.143882
0.774813 0.468385
0.427283 0.502246
0.234579 0.368372
0.373312 0.521381
0.254526 0.399407
0.319094 0.561881
0.819332 0.462089
0.189356 0.939795
0.577801 0.605978
0.861956 0.744833
0.852241 0.404656
0.685749 0.203555
0.174638 0.890220
0.637056 0.833953
0.566766 0.037456
0.977834 0.341579
0.505841 0.405117
0.843825 0.740421
0.773490 0.217137
0.261802 0.028016
0.616544 0.580896
0.589897 0.435876
0.042985 0.779253
0.375671 0.620786
0.385231 0.237628
0.365619 0.237472
