30
0.929986 0.862457
0.206785 0.881513
0.979538 0.836677
0.369834 0.689182
0.713979 0.998193
0.551272 0.437357
0.907386 0.995753
0.720283 0.091165
0.907773 0.474247
0.745460 0.906572
0.253771 0.424916
0.535276 0.325031
0.034763 0.978119
0.938968 0.247910
0.740993 0.851891
0.126523 0.670979
0.714347 0.333309
0.552492 0.693885
0.169985 0.922326
0.383068 0.883964
0.920518 0.934340
0.321321 0.827904
0.930093 0.041604
0.919069 0.837865
0.515851 0.664530
0.744438 0.769622
0.089446 0.279713
0.094654 0.124209
0.257832 0.033621
0.372119 0.998825
