30
0.885512 0.498642
0.669804 0.599859
0.831951 0.222295
0.293744 0.001936
0.144621 0.676812
0.885900 0.065139
0.611152 0.207221
0.893043 0.541244
0.248826 0.812113
0.379110 0.764677
0.476642 0.123548
0.534299 0.566088
0.403261 0.628953
0.690297 0.661093
0.662574 0.062416
0.659918 0.548086
0.561059 0.329721
0.147945 0.393010
0.552017 0.441690
0.394946 0.696638
0.118502 0.280846
0.761777 0.729654
0.488067 0.654821
0.270898 0.736893
0.466933 0.650008
0.501570 0.943576
0.773555 0.035869
0.509664 0.176816
0.664822 0.199961
0.837909 0.327396
