30
0.267402 0.951740
0.205849 0.877877
0.698824 0.308801
0.270417 0.585301
0.380746 0.655255
0.511494 0.225277
0.428521 0.496926
0.167904 0.188762
0.227410 0.844067
0.422783 0.067901
0.793065 0.570105
0.794456 0.451168
0.571469 0.717679
0.643960 0.234916
0.787904 0.767108
0.701726 0.055306
0.718848 0.907575
0.933183 0.417672
0.216376 0.203600
0.002974 0.597122
0.858855 0.514468
0.822399 0.287375
0.011394 0.990303
0.476137 0.238804
0.834371 0.898920
0.306705 0.627435
0.469025 0.101161
0.078603 0.040495
0.818840 0.722563
0.275411 0.606744
