30
0.622760 0.038470
0.815045 0.908018
0.306680 0.850863
0.134864 0.652973
0.537555 0.870066
0.114806 0.852954
0.455200 0.198019
0.202178 0.734094
0.643033 0.358716
0.923883 0.711651
0.350584 0.641112
0.984767 0.767680
0.321656 0.505368
0.389255 0.341188
0.894239 0.600542
0.937335 0.516999
0.639012 0.752379
0.425017 0.945692
0.603243 0.559881
0.598665 0.140798
0.429947 0.713471
0.993751 0.885147
0.911490 0.195929
0.619241 0.554523
0.554645 0.543124
0.266174 0.905230
0.184236 0.250941
0.672910 0.505892
0.756309 0.062165
0.847080 0.650548
