30
0.262378 0.497827
0.875482 0.823436
0.827548 0.023427
0.216446 0.379565
0.465117 0.611392
0.076203 0.583619
0.892238 0.837980
0.313272 0.380305
0.492801 0.584170
0.117198 0.959734
0.234178 0.618768
0.903310 0.007734
0.654637 0.412975
0.184550 0.319459
0.612936 0.022459
0.646855 0.875314
0.520286 0.522337
0.698750 0.347835
0.545764 0.915196
0.727400 0.010881
0.526588 0.803603
0.594500 0.418826
0.641583 0.907772
0.799131 0.134384
0.491942 0.916329
0.094118 0.726121
0.535097 0.997429
0.733854 0.189735
0.410403 0.918405
0.509194 0.023339
