30
0.662707 0.784415
0.167547 0.301719
0.536795 0.592564
0.247411 0.140037
0.152445 0.846076
0.280835 0.582392
0.559547 0.274586
0.467539 0.471038
0.470516 0.086780
0.025561 0.025161
0.629904 0.291735
0.930391 0.814139
0.542677 0.603301
0.320032 0.298986
0.665466 0.167112
0.949534 0.328172
0.951527 0.117081
0.629891 0.488321
0.709645 0.877302
0.628359 0.862089
0.723378 0.909193
0.444481 0.282926
0.183779 0.912020
0.753964 0.654295
0.998800 0.779525
0.679456 0.628703
0.071260 0.609847
0.442843 0.613937
0.213147 0.762874
0.912923 0.878613
