30
0.940864 0.156049
0.898653 0.461150
0.678387 0.597403
0.808985 0.224151
0.512599 0.536384
0.235032 0.039187
0.339987 0.829532
0.458013 0.981570
0.737304 0.257143
0.115954 0.229247
0.173472 0.210072
0.955367 0.708569
0.207501 0.689222
0.898304 0.617904
0.607626 0.407498
0.641244 0.548490
0.563547 0.539896
0.009640 0.241934
0.137299 0.818625
0.466085 0.649898
0.355009 0.701117
0.689085 0.694996
0.530649 0.147097
0.676566 0.267953
0.404240 0.792520
0.497200 0.577713
0.002592 0.452567
0.286282 0.210093
0.141789 0.184586
0.827998 0.749416
