30
0.489672 0.977136
0.662050 0.208520
0.884711 0.595234
0.626192 0.101087
0.798834 0.629166
0.698209 0.657689
0.143634 0.520608
0.945064 0.155027
0.510911 0.421201
0.393832 0.345282
0.320121 0.700537
0.972717 0.789146
0.801698 0.051320
0.829641 0.620538
0.773884 0.105051
0.227283 0.263555
0.082187 0.889333
0.472075 0.966898
0.484567 0.098267
0.067985 0.283401
0.727433 0.766194
0.941090 0.871067
0.286802 0.886154
0.026094 0.797713
0.307355 0.419926
0.142995 0.627476
0.120463 0.115712
0.416622 0.922161
0.167032 0.246263
0.542699 0.940916
