30
0.957429 0.799076
0.265430 0.695318
0.202896 0.290044
0.356689 0.018553
0.139963 0.049618
0.744156 0.329803
0.406464 0.463512
0.588008 0.103077
0.204240 0.530373
0.033924 0.287563
0.727084 0.398079
0.232654 0.413471
0.097151 0.855152
0.263134 0.047954
0.129586 0.482115
0.811603 0.087015
0.281192 0.077033
0.782333 0.484087
0.367077 0.139022
0.502640 0.507040
0.188639 0.246796
0.836843 0.595104
0.710309 0.424851
0.698181 0.914549
0.955224 0.732105
0.202112 0.682308
0.130184 0.434766
0.095779 0.227334
0.289918 0.358913
0.275288 0.419504
