30
0.642283 0.051368
0.441027 0.816921
0.941589 0.078083
0.650873 0.508355
0.115539 0.628707
0.849934 0.621381
0.033825 0.693759
0.361801 0.807314
0.910896 0.623603
0.835330 0.527440
0.204499 0.425227
0.963316 0.247484
0.204480 0.338987
0.868270 0.589711
0.576615 0.233889
0.827183 0.218898
0.285258 0.268210
0.035819 0.226846
0.346293 0.686692
0.735201 0.461832
0.315399 0.585135
0.083213 0.349224
0.278893 0.445014
0.156538 0.189789
0.068617 0.991868
0.717229 0.273117
0.417095 0.680545
0.520601 0.621575
0.019532 0.388871
0.211287 0.596147
